-0.501 -1.25 -0.228 1.66 0.207 1.65 -0.831 0.336 -1 -1.23 1 1
0.697 0.0478 -0.475 0.72 -2 0.221 0.862 -0.849 1.02 -0.538 5 1
1.04 -0.0832 -1.4 0.613 -0.986 0.291 -0.627 -0.591 0.74 -1.14 4 1
-0.667 0.0785 -0.972 0.119 -0.518 1.45 -0.281 0.334 1.22 -0.842 9 1
0.654 0.226 -0.873 0.521 -1.66 0.77 -0.144 -0.381 0.775 -1.02 5 1
-0.9 0.377 0.856 1.47 -2.57 -0.0898 -0.735 1.16 1.52 -0.288 8 1
-0.585 -0.056 -0.932 0.173 -0.694 1.77 -0.742 1.02 0.81 -0.476 9 1
1.29 -0.708 -1.78 -0.138 -0.32 1.37 -1.24 0.695 -0.987 -0.167 3 1
-0.409 0.208 0.0882 0.708 -2.2 -0.466 1.19 -0.0271 1.31 -0.0773 7 1
-0.448 -1.35 -0.385 1.57 0.197 1.71 -0.287 0.273 -0.332 -1.42 1 1
0.337 0.0393 -0.875 0.505 -0.911 0.796 -0.441 -0.669 0.481 -0.774 5 1
-0.39 -0.418 -1 0.242 -0.697 1.57 -0.811 1.43 0.849 -0.177 9 1
-0.553 -0.0917 -1.71 1.44 0.61 1.26 -0.408 0.379 0.961 -1.4 10 1
-1.03 -1.42 1.29 -0.122 1.94 1.33 1.44 -0.524 -0.844 -0.988 1 1
1.6 -1.21 -0.617 -1.13 0.588 0.198 0.321 0.219 0.11 -0.322 3 1
1.44 -0.244 -1.52 -0.192 0.255 -1.01 0.0831 -0.0271 0.198 -0.695 4 1
0.633 0.432 0.702 -0.587 -1.14 -0.54 -0.218 -0.0969 1.39 -0.514 5 1
-1.1 0.898 0.934 -0.236 -0.997 0.0178 0.2 -0.174 1.52 1.48 9 1
-1.23 -1.46 1.74 0.193 1.87 1.06 1.55 -0.46 -0.919 -0.966 1 1
1.78 -1.55 -0.753 -1.1 -0.0156 1.14 1.39 0.808 1.05 -0.145 2 1
1.44 -0.351 -1.22 -0.541 0.228 -0.762 -0.0923 -0.000964 0.36 -0.561 4 1
-0.804 1.45 1.18 -1.56 -1.18 -0.621 1.01 0.829 0.207 1 8 1
-1.46 -1.28 1.92 0.531 1.63 1.06 1.42 -0.964 -1.03 -0.92 1 1
1.41 -1.27 -0.617 -1.01 0.362 0.528 0.284 0.247 -0.0351 -0.453 3 1
-1.29 0.826 1.25 -0.404 -1.19 -0.33 0.267 -0.12 0.761 1.2 9 1
1.45 -1.3 -0.766 -0.979 0.279 0.491 0.2 0.301 0.0421 -0.289 3 1
1.49 -0.279 -1.33 -0.701 0.282 -0.597 -0.0707 -0.303 0.484 -0.667 4 1
0.942 -0.545 1.1 -0.732 -0.581 -0.779 -0.123 -0.917 1.84 0.264 6 1
0.129 0.963 0.282 -0.7 -0.979 -0.721 -0.482 0.0531 2.21 -0.0342 7 1
-1.28 -1.69 2.18 0.891 1.49 0.22 0.351 -0.924 -1.82 -0.622 1 1
1.33 -1.55 -0.604 -0.728 0.583 1.54 0.86 0.869 0.481 -0.534 2 1
1.61 -1.23 -0.691 -1.24 0.318 0.361 0.191 0.522 0.0491 -0.236 3 1
0.981 -0.299 0.834 -0.778 -0.181 -0.837 -0.417 -0.529 2.02 0.0552 6 1
-0.899 1.47 1.53 -1.23 -1.2 -1.33 0.763 0.957 0.242 1.19 8 1
0.14 -0.212 0.547 -0.873 -0.268 0.904 -0.177 -0.713 0.682 -0.816 11 1
0.878 -1.44 -0.43 -0.343 1.08 1.67 0.865 0.74 0.523 -0.816 2 1
1.33 -0.318 -1.59 -0.755 0.306 -0.471 -0.036 -0.397 0.274 -0.375 4 1
-0.874 1.75 1.37 -1.42 -1.11 -1.15 0.531 0.962 0.475 1.44 8 1
2.45 -1.17 -2.1 -0.277 -0.419 2.21 0.202 1.87 -0.642 0.0734 2 1
0.888 0.208 0.407 1.19 -1.3 -0.365 -0.841 1.73 0.414 0.491 5 1
1.24 0.0598 0.13 1.24 -1.02 -0.183 -0.735 1.59 -0.118 0.358 6 1
-0.701 1.55 0.493 1.38 -1.8 -1.65 -1.25 1.88 1.04 -0.0458 8 1
0.177 -0.24 -0.25 1.35 -1.27 -1.11 0.652 0.681 1.58 0.876 9 1
2.19 -1.85 -2.7 0.579 0.0416 2.69 0.626 1.01 -2.22 -0.812 1 1
1.76 -0.145 -0.748 0.817 -0.848 0.672 -0.33 1.06 -0.102 0.151 4 1
1.03 0.12 0.428 1.29 -1.38 -0.416 -1.03 1.86 0.452 0.784 5 1
1.21 0.124 0.161 1.1 -1.11 0.0261 -0.523 1.64 -0.163 0.411 6 1
0.635 0.233 0.639 1.55 -1.43 -0.941 -1.31 1.85 0.765 1.11 7 1
-1.11 0.298 0.167 0.916 -1.06 -0.0998 1.18 -0.207 2.65 0.191 10 1
0.388 -0.418 -0.434 1.42 -0.869 0.849 -0.915 1.43 0.83 -0.637 11 1
1.88 -0.193 -0.748 0.849 -0.929 0.548 -0.491 1.08 0.0526 0.226 4 1
-0.728 1.55 0.397 1.32 -2.14 -1.35 0.148 1.1 1.41 -0.0971 8 1
2.58 -1.16 -2.03 -0.2 -0.563 2.09 0.111 2.1 -0.574 0.274 2 1
2.28 -0.894 -1.64 0.559 -0.18 1.38 -0.127 1.39 -0.209 0.217 3 1
2.09 -1.87 -2.47 0.555 0.0251 2.75 1.01 1.32 -1.99 -1.04 1 1
2.39 -1.25 -2.03 0.0626 -0.24 2.24 0.0679 2.23 -0.465 0.13 2 1
1.99 -0.276 -0.704 0.904 -0.813 0.419 -0.289 0.847 0.242 0.446 4 1
1.59 -0.17 -0.226 1.27 -1.1 0.134 -0.53 1.49 0.0508 0.489 6 1
0.725 -0.0577 0.479 1.73 -1.28 -0.845 -1.31 2.1 0.724 1.36 7 1
1.97 -1.04 -1.51 0.89 0.0807 1.9 -0.146 1.49 -0.186 0.267 3 1
1.61 -0.277 -0.415 1.15 -1.03 0.2 -0.0533 1.09 0.131 0.61 6 1
-0.542 1.06 0.375 1.41 -2.17 -1.41 0.0939 1.25 1.49 0.504 8 1
0.787 -0.308 -0.634 1.03 -1.2 0.859 -0.571 1.59 0.693 -1.01 11 1
1.91 -1.94 -1.62 -0.358 0.308 1.54 1.2 1.59 0.758 -0.637 1 1
1.83 -1.36 -0.965 -1.01 0.0732 1.03 0.618 0.979 0.861 -0.582 2 1
1.51 -0.76 -0.776 -0.522 1.35 -0.608 0.815 0.0932 -0.128 -0.966 3 1
0.851 0.0734 0.75 -0.576 -0.356 -0.921 0.12 0.453 0.987 -0.605 6 1
1.6 -0.816 -0.594 -0.521 1.1 -0.126 0.523 0.156 0.209 -1.09 3 1
0.742 0.356 1.29 -0.68 -1.16 -0.837 -0.54 1.11 0.654 -0.66 5 1
0.889 -0.00746 1.01 -0.517 -0.494 -0.749 0.096 0.48 1.31 -0.812 6 1
-0.0417 -0.113 2.06 0.732 -1.33 -1.01 -2.21 0.571 2.3 0.852 7 1
0.00661 -0.433 1.26 -0.122 -1.35 0.0427 -0.917 1.15 1.54 1.55 9 1
-0.654 -0.832 0.439 -0.261 -0.252 1.13 -0.0836 0.979 1.47 0.951 10 1
2.09 -1.42 -0.839 -1.07 -0.127 1.08 0.78 0.836 1.04 -0.504 2 1
1.66 -0.846 -0.693 -0.419 0.911 0.0493 0.354 0.385 0.00347 -0.958 3 1
1.36 -0.112 -0.0256 -0.851 0.86 -1.13 0.191 -0.477 0.614 -1.03 4 1
-0.992 -0.708 0.644 -0.0757 -0.0773 1.16 -0.27 0.892 1.42 0.643 10 1
1.59 -2.09 -1.57 0.00595 0.538 1.79 1.17 1.71 0.33 -0.718 1 1
2.02 -1.43 -0.87 -1.05 -0.0998 1.09 0.808 0.904 1.06 -0.519 2 1
1.28 -0.159 -0.0284 -0.984 1.04 -1.27 0.0809 -0.463 0.589 -1.11 4 1
0.839 -0.327 1.93 -0.156 -1.3 -1.43 -0.831 0.852 0.812 0.212 5 1
1.02 -0.33 1.13 -0.356 -0.697 -0.961 -0.138 0.842 1.62 -0.829 6 1
-0.428 -0.447 1.99 1.79 -1.29 -0.979 -3.32 0.561 2.01 1.92 8 1
1.97 -1.5 -0.88 -1.01 -0.0968 1.09 0.763 0.903 1.08 -0.504 2 1
1.48 -0.989 -0.621 -0.285 0.794 0.258 0.287 0.439 -0.279 -0.695 3 1
0.312 -0.991 1.88 1.31 -0.318 -0.929 -2.51 -0.55 2.05 1.88 7 1
1.46 -0.982 -0.712 -0.323 0.759 0.248 0.425 0.644 -0.251 -0.867 3 1
0.748 -0.298 1.85 -0.196 -1.36 -1.63 -0.536 0.972 0.619 0.257 5 1
-0.0486 -0.995 1.26 0.401 -1.57 0.735 0.436 0.908 0.433 0.921 9 1
0.46 -0.732 1.07 -0.243 -0.524 0.371 -0.175 0.596 0.986 0.0668 11 1
2.36 -2.37 -2.08 0.294 0.37 0.953 1.88 1.5 0.00522 -0.655 1 1
0.355 -1.02 0.501 -0.392 -0.577 0.808 -0.562 1.02 1.86 0.66 11 1
0.657 -1.03 0.191 -0.101 1.12 0.458 -0.861 -0.657 -0.111 -1.11 3 1
1.72 -0.195 -0.708 -1.5 0.019 -0.582 -0.588 0.245 0.619 -0.213 4 1
0.704 -0.225 1.09 -0.178 -0.709 -0.237 -0.437 0.692 1.57 -0.549 6 1
-1.89 -0.652 2.02 1.45 -0.426 -0.0633 -0.956 -1.23 -0.253 2.26 10 1
1.63 -2.51 -1.62 1.06 0.895 1.11 2.01 1.69 -0.0755 -0.744 1 1
0.606 -1.19 0.628 0.002 0.794 0.781 -0.911 -0.754 -0.123 -0.683 3 1
1.71 -0.592 -0.423 -1.36 -0.0667 -0.563 -0.865 0.596 0.833 -0.233 4 1
0.5 0.871 0.441 -0.219 -0.982 -0.896 -0.521 1.16 1.58 -0.438 5 1
-0.787 1.02 1.33 -0.492 -1.84 -1.13 -1.08 1.31 1.43 1.73 8 1
0.268 -1.21 0.439 -0.254 -0.481 0.515 -0.698 0.773 1.5 0.84 11 1
0.702 -1.07 0.303 0.00727 0.851 0.95 -0.72 -0.132 -0.0509 -0.726 3 1
0.584 -0.529 1.33 0.186 -1.29 0.289 0.144 0.416 0.851 -0.435 6 1
1.93 -1.58 -0.586 -0.608 -0.39 1.59 0.276 1.36 1.12 0.161 2 1
0.191 0.505 0.747 -0.00986 -0.649 -1.21 -0.766 0.644 1.58 -0.228 5 1
0.568 -0.913 1.77 1.83 -0.69 -0.418 -2.42 -0.304 1.24 2.04 7 1
-1.7 -0.943 1.96 2.35 -0.386 -0.39 -0.859 -1.09 -0.94 2.05 10 1
1.3 -1.53 -0.312 -0.289 0.0296 1.85 0.343 1.29 1.05 -0.17 2 1
1.05 -0.85 -0.156 -0.733 0.675 -0.418 -1.29 -0.00271 0.331 -0.529 4 1
0.483 -0.384 0.917 -0.272 -0.941 1.18 0.0463 0.44 0.454 -0.334 6 1
-0.868 1.91 0.609 -0.929 -1.32 -1.23 -1.46 1.5 1.31 1.05 8 1
-0.187 0.0598 -0.548 -0.339 0.884 0.339 0.637 0.601 1.29 -0.645 11 1
-0.067 -0.788 -0.398 1.33 0.428 0.574 -0.252 0.283 -1.2 -0.91 2 1
0.752 0.433 -0.884 -0.56 -0.967 -0.684 0.12 0.674 -0.447 -0.22 6 1
-1.03 0.815 -0.413 -0.597 -0.643 1.12 -0.304 0.186 0.617 -0.893 9 1
1.38 -0.933 -1.38 0.182 -0.571 -0.525 -0.175 0.906 -0.374 0.0304 3 1
-1.74 1.19 0.428 0.178 -0.869 1.3 -1.43 0.43 0.947 -0.39 10 1
1.47 -0.94 -1.27 0.109 -0.411 -0.688 -0.123 0.692 -0.0527 -0.271 3 1
0.786 0.341 -0.627 -0.373 -0.921 -0.625 -0.194 0.866 -0.703 -0.0342 6 1
-0.441 -0.586 -0.153 1.09 0.427 0.783 -0.146 0.0549 -0.966 -1.15 2 1
1.51 -0.959 -1.24 0.161 -0.464 -0.636 -0.062 0.622 0.0578 -0.455 3 1
1.47 -0.31 -0.69 0.156 -1.45 -0.701 0.843 -0.58 0.284 -0.915 4 1
0.0595 1.1 -1.5 -0.948 -0.27 0.154 0.676 0.55 -0.998 -0.852 7 1
-1.08 1.26 -1.34 -0.0744 0.361 0.687 -0.307 -0.287 0.314 -1.31 9 1
-0.607 0.0385 -0.277 -0.0823 -0.0998 0.859 0.109 -0.0236 -0.568 -0.43 11 1
1.47 -1.01 -1.3 0.264 -0.425 -0.598 -0.0858 0.662 0.102 -0.354 3 1
1.45 -0.294 -0.708 0.0283 -1.39 -0.741 1.01 -0.591 0.219 -0.836 4 1
-0.611 0.182 -0.436 -0.0691 0.127 0.851 0.0592 -0.196 -0.775 -0.42 11 1
0.0998 -1.48 -1.01 1.47 0.795 2.31 0.0874 0.405 -1.49 -1.15 1 1
1.39 -0.327 -0.698 0.00463 -1.4 -0.385 0.6 -0.324 -0.0281 -0.693 4 1
-0.636 0.274 -0.292 0.0178 0.0326 0.813 0.0571 -0.366 -0.84 -0.534 11 1
0.585 -0.649 -0.672 -0.452 1.21 -0.428 0.2 0.512 -0.733 -0.306 3 1
0.831 0.0121 -1.1 -0.531 0.889 -0.885 0.0571 0.864 -0.0527 -1.15 4 1
0.531 0.721 0.532 -1.32 -0.402 0.394 0.161 0.758 0.624 -1.44 5 1
0.886 0.869 -1.17 -1.22 1.02 0.352 -0.0382 -0.000964 0.747 -1.12 6 1
-0.759 1.16 -0.686 -0.0388 -0.0637 -0.729 1.22 1.75 0.84 -0.408 9 1
-0.976 -1.3 0.272 1.6 0.651 1.72 1.12 -1.24 -0.0965 -1.3 1 1
0.195 -1.01 -0.701 1.23 0.693 1.41 0.397 1.17 -0.416 -0.814 2 1
0.618 -0.638 -0.767 -0.373 1.27 -0.461 0.362 0.372 -0.675 -0.37 3 1
-1.02 1.56 1.16 -0.745 -0.938 -1.01 -0.748 2.5 0.959 -0.38 8 1
-1.61 0.988 -0.634 0.412 0.0115 -0.522 0.925 0.407 1.21 -0.903 10 1
1.04 0.0615 -1.38 -0.277 0.531 -0.951 0.0657 0.986 -0.384 -0.95 4 1
-0.897 1.54 0.848 -1.12 -1.06 -0.764 -0.224 2.33 0.991 -0.264 8 1
-0.87 1.27 -1.02 -0.479 0.507 0.0559 1.22 0.88 0.298 -0.407 9 1
-1.63 0.98 -0.564 0.117 -0.0532 0.00953 0.646 0.332 1.37 -0.806 10 1
0.695 -0.564 -1.13 0.0968 0.928 -0.441 0.986 0.0235 -0.444 -0.402 3 1
1.02 0.107 -1.2 -0.441 0.77 -0.926 0.0895 0.833 -0.0509 -1.13 4 1
-0.776 1.65 0.495 -1.56 -1.36 -0.148 0.0571 2.85 0.481 -0.362 8 1
-0.507 -1.78 -0.1 2.36 0.529 2.18 0.616 -0.113 -0.414 -1.91 1 1
0.946 0.087 -0.826 -0.815 1.02 -0.706 -0.261 0.725 0.293 -1.47 4 1
0.291 0.645 1.88 -1.19 -1.8 -0.593 1.65 0.351 1.61 -0.542 7 1
-1.84 1.15 0.00951 0.114 -0.341 0.19 0.204 0.189 1.86 -0.577 10 1
-0.153 -1.9 -0.396 2.13 0.373 2.4 0.648 -0.158 -0.674 -1.94 1 1
0.759 0.717 0.619 -1.72 -0.899 0.563 1.14 -0.0289 1.03 -1.24 5 1
-1.94 1.27 0.0615 0.0297 -0.0321 -0.222 0.594 0.233 1.83 -0.115 10 1
0.852 -1.77 -1.06 0.836 0.812 1.99 0.152 0.7 -1.89 -0.706 1 1
0.335 -0.957 -0.437 0.961 1.09 0.894 0.12 -0.0149 -1.15 -0.898 2 1
0.225 0.851 -0.551 -0.397 -0.39 -1.37 0.981 -0.055 1.26 -0.379 7 1
0.951 -1.83 -1.21 0.757 0.821 2.01 0.241 0.637 -1.67 -0.908 1 1
0.95 -0.267 0.372 -0.143 -0.184 -0.664 -0.625 -0.069 1.18 -0.73 6 1
-1.07 1.51 -0.342 -0.766 -0.727 0.829 1.08 0.787 -1.02 -0.463 9 1
-1.08 -0.641 -0.131 1.37 0.431 2.33 -0.372 -0.13 -0.435 -0.481 10 1
-0.044 -0.0679 0.0362 0.242 1.1 -0.486 0.258 -0.113 0.172 -1.66 11 1
-0.123 0.906 -0.422 -1.07 -0.228 -0.507 1.12 -0.327 1.47 -1.07 7 1
0.856 -1.88 -1.26 0.543 0.643 2.35 0.603 0.341 -1.42 -1.16 1 1
0.542 0.123 -0.284 -0.182 -0.705 -0.573 -1.01 0.622 0.891 -1.11 5 1
0.546 -0.244 0.503 -0.459 0.482 -0.419 0.189 -0.653 0.823 -0.994 6 1
-1.44 -0.315 -0.00875 1.64 0.555 2.04 -0.709 -0.257 -0.382 -0.569 10 1
-0.234 -0.0517 -0.235 0.329 0.845 -0.267 -0.185 -0.0254 -0.147 -1.48 11 1
1.27 -0.24 0.296 -0.772 0.201 -0.572 0.339 -0.742 0.0122 -0.494 4 1
0.573 0.16 -0.257 -0.271 -0.661 -0.603 -0.885 0.463 1.16 -1.06 5 1
0.401 -0.251 0.671 -0.413 0.708 -0.307 0.458 -0.704 0.509 -1.06 6 1
-0.156 0.961 -1.06 -1.13 0.281 -0.219 1.28 -0.451 0.919 -1.24 7 1
-0.961 1.54 -0.701 -0.862 -0.356 -0.0716 1.17 0.224 0.872 0.396 8 1
-0.0935 -0.285 -0.547 0.529 0.651 -0.378 -0.0144 0.289 -0.446 -1.07 11 1
1.25 -0.84 -1.5 -0.485 -0.604 1.54 -1.24 0.592 -0.888 0.037 3 2
1.05 -0.0619 -1.39 0.654 -1.12 0.712 -1.22 -0.177 0.372 -1.2 4 2
0.405 0.0274 -0.347 0.408 -1.93 0.372 0.479 -1.02 0.949 -0.486 6 2
-0.848 0.36 0.887 1.65 -2.27 -0.0617 -0.932 1.14 1.54 -0.38 8 2
0.198 -0.121 -0.889 0.292 -0.795 1.25 -1.24 0.597 0.5 -1.24 11 2
-0.517 -1.28 -0.13 1.57 0.126 1.88 -0.755 0.35 -0.866 -1.23 1 2
1.26 -0.72 -1.68 -0.375 -0.38 1.53 -1.4 0.651 -0.968 -0.132 3 2
1.03 -0.116 -1.41 0.663 -1.03 0.515 -1.05 -0.224 0.589 -1.28 4 2
-0.617 -0.0423 -1.23 1.41 0.534 1.68 -1.11 0.646 0.235 -0.746 10 2
-0.484 -1.34 -0.281 1.64 0.168 1.73 -0.582 0.391 -0.481 -1.28 1 2
0.217 0.298 -0.55 0.0771 -1.54 -0.14 1.33 -1.38 0.593 -0.14 6 2
-1 0.34 0.927 1.37 -1.97 -1.12 0.49 -0.147 1.89 0.325 8 2
-0.477 -0.26 -0.888 0.242 -0.655 1.66 -0.828 1.31 0.944 -0.524 9 2
-0.556 -0.0832 -1.52 1.43 0.645 1.31 -0.478 0.182 0.893 -1.06 10 2
0.591 -0.195 -1.06 0.209 -0.991 1.36 -1.27 1.17 -4.25e-05 -0.778 11 2
0.182 -1.27 -0.923 0.559 -0.121 2.23 -0.393 0.828 -0.16 -0.21 2 2
1.09 -0.834 -1.71 -0.081 -0.329 1.36 -1.32 0.74 -1.02 -0.0773 3 2
1.04 -0.0287 -1.67 0.724 -0.836 0.69 -1.3 -0.0411 0.0877 -1.14 4 2
-1.16 0.481 0.782 1.07 -2.68 -0.0749 -0.0988 0.843 1.59 -0.382 8 2
0.699 -0.274 -1.04 0.185 -1.19 1.1 -1.18 1.17 0.268 -0.797 11 2
-0.461 -1.4 -0.461 1.67 0.23 1.68 -0.198 0.264 -0.388 -1.54 1 2
0.0722 -0.00746 -0.875 0.56 -0.682 0.983 -0.757 -0.559 0.149 -0.822 5 2
0.16 0.417 -0.694 -0.0257 -1.49 0.38 0.717 -1.29 0.649 -0.139 6 2
-0.31 0.252 -0.439 0.251 -2.11 0.246 0.923 0.0252 1.28 -0.324 7 2
-1.19 0.472 0.764 0.846 -2.74 -0.126 0.269 0.849 1.52 -0.367 8 2
-0.394 -0.531 -1.01 0.405 -0.596 1.83 -0.85 1.74 0.0456 0.14 9 2
0.619 -0.311 -0.969 0.297 -1.14 1.01 -1.23 1.1 0.303 -1.06 11 2
2.11 -1.63 -0.696 -1.19 -0.249 0.846 1.43 0.849 1.51 0.189 2 2
1.02 -0.492 1.16 -0.791 0.0416 -1.04 -0.194 -1.08 2.03 0.155 6 2
-0.848 1.25 1.4 -1.35 -1.23 -0.876 0.652 0.653 0.395 1.19 8 2
0.133 -0.419 0.781 -0.963 -0.0351 0.463 0.107 -0.718 0.709 -0.104 11 2
1.72 -1.19 -0.625 -1.13 0.49 0.258 0.323 0.397 0.13 -0.415 3 2
0.614 0.693 0.389 -0.716 -1.07 -0.239 -0.287 0.194 1.03 -0.68 5 2
0.878 -0.397 1.26 -1.12 0.179 -1.17 0.00945 -0.892 1.92 0.0751 6 2
-1.66 0.488 0.731 0.218 -0.744 1.33 0.282 -0.524 1.2 0.578 10 2
0.2 -0.593 1.15 -0.838 -0.429 0.554 0.774 -0.826 0.144 0.242 11 2
1.48 -0.348 -1.17 -0.696 0.139 -0.625 0.0203 -0.188 0.516 -0.619 4 2
0.58 0.807 0.167 -0.637 -0.982 -0.315 -0.354 0.318 0.828 -0.751 5 2
0.748 -0.651 1.3 -0.708 -0.511 -1.01 0.323 -1.16 1.69 0.239 6 2
-0.732 1.59 0.883 -1.54 -1.14 -0.499 1.6 0.939 0.014 0.81 8 2
-1.47 -1.39 2.24 0.78 1.49 0.707 0.927 -1.05 -1.56 -0.743 1 2
1.51 -1.61 -0.649 -0.879 0.218 1.46 1.06 0.824 0.609 -0.319 2 2
-0.821 1.37 1.29 -1.38 -1.27 -1.02 1.32 1.12 -0.0439 0.858 8 2
0.298 -0.134 0.275 -0.994 -0.213 1.21 0.0398 -0.765 0.568 -0.816 11 2
1.41 -0.289 -1.38 -0.805 0.422 -0.514 -0.127 -0.418 0.403 -0.513 4 2
0.114 0.88 0.422 -0.638 -0.89 -1.01 -0.486 -0.141 2.41 0.0105 7 2
0.478 1.12 -0.891 -1.09 -0.413 -0.452 0.618 -0.444 0.723 -1.3 5 2
0.822 -0.0925 0.46 -0.879 -0.0712 -0.823 -0.393 -0.226 1.91 -0.354 6 2
0.168 -0.173 0.22 -1.01 0.517 0.102 -0.365 -0.193 0.886 -0.864 11 2
1.69 -0.0789 -0.756 0.732 -0.706 0.68 -0.0447 1.03 -0.261 0.13 4 2
-0.884 0.338 -0.158 0.578 -1.18 0.147 1.56 -0.0638 2.83 0.401 10 2
0.259 -0.0738 -0.509 1.2 -0.939 1.15 -0.449 1.66 0.295 -0.703 11 2
1.96 -0.88 -1.56 0.533 -0.274 1.63 -0.339 1.38 -0.544 0.0337 3 2
-0.145 -0.3 -0.0621 1.99 -0.812 -1.02 0.116 0.306 1.23 0.757 9 2
2.15 -0.88 -1.63 0.599 -0.237 1.48 -0.335 1.33 -0.417 0.0353 3 2
1.34 0.0581 0.102 1.09 -1.12 -0.12 -0.504 1.57 0.035 0.625 6 2
-0.316 -0.152 -0.0691 2.21 -1.11 -0.482 0.000789 0.437 1.32 0.128 9 2
-1.3 0.473 0.406 1.13 -0.685 -0.537 1.3 -0.625 2.47 0.433 10 2
1.18 0.0598 0.511 1.51 -1.24 -0.58 -1.42 1.76 0.545 0.954 5 2
0.667 -0.195 0.494 1.99 -1.12 -0.901 -1.62 1.75 0.875 1.29 7 2
0.738 -0.443 -0.607 1.08 -1.12 0.957 -0.675 1.25 1.15 -1.16 11 2
-0.393 0.0376 -0.00594 1.6 -1.21 0.622 0.0549 0.843 1.81 -0.94 9 2
-1.36 0.331 0.493 1.34 -0.464 -0.663 1.24 -0.791 2.42 0.775 10 2
2.29 -1.85 -2.69 0.42 -0.11 2.71 1.1 1.75 -1.85 -1.01 1 2
1.95 -0.332 -0.766 0.983 -0.757 0.515 -0.255 0.821 0.17 0.358 4 2
0.871 0.0274 0.421 1.48 -1.28 -0.871 -1.16 2.17 0.633 1.42 7 2
-0.255 -0.134 -0.183 1.39 -1.11 0.95 -0.259 1.61 1.49 -0.721 9 2
1.35 -0.1 0.171 -1.01 0.731 -0.85 0.217 -0.798 0.649 -0.796 4 2
-0.417 -0.321 2.03 1.73 -1.38 -0.749 -3.14 1.02 1.88 1.87 8 2
-0.457 -0.97 0.379 -0.242 -0.384 1.07 -0.0209 0.885 1.51 1.21 10 2
0.88 -0.93 0.828 -0.36 -0.583 -0.0584 -0.755 0.637 1.26 0.28 11 2
1.38 -0.0577 -0.103 -0.714 0.651 -0.91 0.202 -0.615 0.733 -1.07 4 2
-0.416 -0.441 2.06 1.92 -1.45 -0.893 -2.94 0.669 1.83 2.01 8 2
0.886 -0.861 0.892 -0.384 -0.76 0.0592 -0.495 0.643 1.25 0.343 11 2
0.774 -0.0679 1.75 -0.368 -1.3 -1.16 -0.746 0.988 0.747 -0.0789 5 2
0.954 -0.204 1.15 -0.343 -0.774 -0.671 -0.19 0.937 1.18 -0.751 6 2
0.0285 -0.456 2.1 1.06 -0.822 -1.06 -2.66 0.0182 2.32 1.39 7 2
0.829 -0.912 0.973 -0.305 -0.92 0.165 -0.231 0.482 1.19 0.423 11 2
1.63 -0.926 -0.749 -0.397 0.783 0.106 0.271 0.43 -0.175 -0.688 3 2
0.163 -0.743 2.03 1.22 -0.411 -0.931 -2.88 -0.402 2.21 1.74 7 2
-1.28 -0.625 0.837 0.102 -0.0126 1.14 -0.543 0.74 1.39 0.338 10 2
1.44 -2.11 -1.45 0.136 0.544 1.84 1.29 1.66 0.246 -0.748 1 2
1.33 -0.339 0.0278 -0.625 0.263 -0.592 -0.233 -0.699 1.07 -1.21 4 2
0.802 -0.301 1.91 -0.243 -1.39 -1.47 -0.564 0.906 0.654 0.232 5 2
1.05 -0.626 1.21 -0.213 -0.614 -0.911 -0.382 0.786 1.77 -0.559 6 2
0.0676 -0.867 1.3 0.242 -1.61 0.433 0.0527 0.965 0.919 1.5 9 2
1.32 -2.12 -1.39 0.238 0.568 1.94 1.36 1.69 0.195 -0.773 1 2
-0.32 -0.642 1.98 1.95 -1.62 -1.13 -2.75 0.542 2.01 1.85 8 2
0.68 -1.68 -0.0453 -0.0415 1.05 1.84 0.438 -0.139 -0.126 -0.882 2 2
1.65 -0.0959 -0.891 -1.65 0.331 -0.845 -0.488 -0.209 0.516 -0.344 4 2
0.799 -0.473 1.21 0.194 -0.629 -0.351 -1.06 0.657 1.65 -0.22 6 2
0.506 -0.656 1.73 1.35 -0.827 -0.611 -2.39 -0.191 1.27 1.76 7 2
-0.705 1.31 1.03 -1.18 -2.15 -0.325 -0.688 1.74 1.68 1.07 8 2
2.43 -2.39 -2.22 0.433 0.473 1.02 1.94 1.95 0.375 -0.544 1 2
0.584 1.06 -0.0172 -0.292 -1.03 -1.01 -0.133 1.34 1.16 -0.538 5 2
0.542 -0.675 1.78 1.55 -0.793 -0.56 -2.3 -0.123 1.18 1.83 7 2
-0.726 1.24 1.12 -0.845 -2.07 -0.721 -0.787 1.73 1.45 1.54 8 2
-0.818 0.235 1.81 0.168 -1.08 -0.0534 -1.54 -0.109 1.19 1.39 9 2
0.255 -1.16 0.573 -0.202 -0.533 0.803 -0.651 0.911 1.65 0.688 11 2
1.51 -1.43 -0.918 -0.643 0.389 1.57 0.609 1.38 1.17 -0.296 2 2
-1.85 -0.715 1.96 1.51 -0.344 0.193 -1.1 -1.37 -0.191 2.13 10 2
0.582 -2.47 -0.607 1.69 1.05 1.16 1.88 0.775 -0.938 -0.98 1 2
-1.74 -0.896 1.91 1.93 -0.362 0.0956 -0.93 -1.33 -0.584 2.18 10 2
0.11 -0.813 0.167 -0.351 -0.234 0.308 -0.48 0.84 1.21 0.62 11 2
-0.187 -2.3 0.144 1.49 1.37 0.987 1.14 -0.076 -0.973 -0.988 1 2
1.6 -1.13 -0.412 -0.371 0.476 0.968 -0.339 0.824 0.563 -0.514 3 2
1.42 -0.891 -0.229 -1.03 0.502 -0.381 -0.952 0.337 0.638 -0.45 4 2
0.362 -0.395 1.29 0.124 -1.07 0.599 0.0203 0.316 0.484 -0.422 6 2
-0.907 1.24 0.948 -0.566 -1.39 -1.4 -1.77 0.873 1.45 1.74 8 2
0.271 0.227 0.896 0.211 -0.729 -0.858 -1.09 0.742 1.63 -0.332 5 2
-0.855 0.187 1.14 -0.0704 -0.691 0.674 -1.33 0.705 1.14 0.563 9 2
1.33 -0.904 -1.34 0.18 -0.595 -0.461 -0.179 0.796 -0.463 0.0966 3 2
1.39 -0.133 -0.874 0.0534 -1.38 -0.241 0.466 -0.657 0.0157 -0.789 4 2
-0.107 0.849 -0.493 -1.08 -1.07 0.278 0.633 0.904 -0.395 -0.978 7 2
-0.606 -0.00831 -0.412 0.052 -0.183 0.266 0.434 0.547 -0.774 -0.498 11 2
0.213 -1.55 -1.06 1.29 0.717 2.26 0.395 0.89 -1.5 -0.789 1 2
1.44 -0.168 -0.746 0.0929 -1.29 -0.472 0.724 -0.775 0.184 -0.89 4 2
0.482 0.774 -1.99 -0.383 -1.02 0.738 0.161 -0.711 0.0806 -0.105 5 2
0.766 0.399 -0.732 -0.487 -0.927 -0.711 -0.116 0.869 -0.717 -0.00441 6 2
0.0354 1.09 -1.4 -1.17 -0.198 0.569 0.397 0.383 -0.861 -0.791 7 2
-1.78 1.31 0.448 0.185 -1.02 1.35 -1.4 0.365 0.747 -0.422 10 2
-0.6 0.0189 -0.322 -0.109 -0.0953 0.69 0.269 0.154 -0.658 -0.529 11 2
-0.99 1.89 -0.0523 -0.639 -2.02 0.453 0.232 0.995 0.619 -0.415 8 2
-1.82 1.23 0.613 0.194 -0.914 0.632 -0.062 -0.767 1.38 -0.216 10 2
0.0158 1.04 -1.62 -0.919 -0.196 0.327 0.598 0.289 -0.972 -0.736 7 2
-1.12 1.41 -1.3 -0.13 0.862 0.477 -0.246 -1.05 0.247 -1.06 9 2
-1.87 1.28 0.574 0.11 -0.628 0.183 0.202 -0.96 1.44 -0.00441 10 2
1.35 -1.01 -1.37 0.392 -0.565 -0.345 0.0441 0.723 0.00522 -0.274 3 2
0.333 0.561 -1.49 -0.591 -1.12 0.955 0.0224 -0.0829 -0.0386 -0.45 5 2
0.307 0.256 -1.1 -0.211 -0.0998 -0.0998 0.107 0.201 -0.705 -0.317 6 2
-1.93 1.49 0.321 -0.0257 -0.548 0.268 -0.00138 -0.826 1.46 -0.187 10 2
0.266 1.43 0.157 -1.63 -0.547 0.485 0.644 1.17 0.777 -1.7 7 2
-0.396 -0.23 -0.481 -0.186 0.713 -0.517 1.01 0.918 -1.45 -0.435 11 2
0.513 0.814 0.317 -1.27 -0.27 0.261 0.269 0.794 0.572 -1.45 5 2
0.851 0.743 -0.656 -1.54 0.698 0.69 -0.304 -0.233 0.963 -1.12 6 2
-0.579 -0.337 0.0193 -0.149 0.735 -0.736 0.516 1.21 -0.97 -0.557 11 2
-0.794 -1.5 0.142 1.92 0.525 2.09 0.899 -0.753 -0.233 -1.56 1 2
0.173 -0.992 -0.725 1.19 0.737 1.4 0.574 1.13 -0.225 -1.07 2 2
0.476 0.666 0.764 -1.26 -0.449 0.299 0.222 0.674 0.766 -1.39 5 2
-0.673 -0.393 0.191 0.0692 0.645 -0.737 0.178 1.17 -0.735 -0.529 11 2
0.196 -1.01 -0.8 0.988 0.755 1.36 0.696 1.06 -0.0369 -1.25 2 2
-0.797 0.754 -0.433 -0.697 0.272 -0.765 0.674 1.51 0.963 -0.0773 9 2
-1.74 1 -0.245 0.0218 -0.262 0.167 0.386 0.273 1.65 -0.665 10 2
0.195 -1.22 -0.616 0.547 0.653 1.46 0.317 1.04 0.349 -1.49 2 2
0.445 -0.522 -0.87 0.252 1.06 -0.371 0.635 -0.0306 -0.681 -0.509 3 2
0.764 0.888 0.184 -1.66 -0.386 0.581 0.665 0.353 0.754 -1.47 5 2
0.804 0.405 0.455 -1.72 -0.0156 1.21 0.663 -0.798 0.907 -0.912 6 2
-0.526 -0.502 0.105 -0.231 0.607 -0.443 0.542 1 -0.196 -0.721 11 2
0.234 -1.42 -0.488 0.379 0.448 1.93 -0.0122 1.28 0.424 -1.61 2 2
0.18 -0.523 -0.409 -0.0112 1.25 -0.204 0.105 -0.0603 -0.751 -0.595 3 2
0.867 0.0946 -0.804 -0.797 1.01 -0.507 -0.346 0.606 0.214 -1.56 4 2
-1.06 1.1 1.46 -0.911 -1.51 -0.825 -0.595 1.77 1.33 0.103 8 2
-0.53 -0.649 0.0685 -0.0441 0.583 -0.678 0.41 0.915 0.116 -0.566 11 2
1.37 -0.636 -0.732 -0.409 1.45 -0.449 0.997 0.0618 -1.12 -0.897 3 2
0.735 -0.00916 0.335 -0.433 -0.527 -0.602 -0.701 -0.266 1.14 -0.728 5 2
-0.938 1.39 -0.773 -0.942 -0.36 1.19 0.769 0.843 -0.991 -0.6 9 2
-0.942 -0.8 -0.162 1.25 0.49 2.11 -0.151 0.222 -0.417 -0.231 10 2
1.15 -0.674 -0.167 -0.647 1.83 0.0526 0.531 0.02 -0.7 -1.39 3 2
1.23 -0.336 0.289 -1.04 0.478 -0.933 0.332 -0.549 0.298 -0.415 4 2
-0.814 1.55 -2.05 -0.505 0.145 0.495 1.77 0.276 0.282 -0.741 8 2
-0.0705 0.0436 0.269 0.114 1.12 -0.487 0.113 -0.353 0.251 -1.52 11 2
0.946 -1.85 -1.25 0.705 0.777 2.1 0.336 0.554 -1.72 -0.89 1 2
0.302 -0.997 -0.488 0.509 1.42 0.486 1.02 -0.57 -0.0684 -0.855 2 2
1.03 -0.677 -0.116 -0.539 1.86 0.17 0.471 -0.109 -0.668 -1.39 3 2
0.65 -0.0015 0.167 -0.41 -0.399 -0.888 -0.495 -0.1 1.28 -0.872 5 2
-0.044 0.867 -0.174 -1.12 -0.174 -0.669 1.17 -0.339 1.62 -0.902 7 2
-1.02 1.45 -0.474 -0.713 -0.35 0.553 1.45 0.542 -0.191 -0.672 9 2
0.864 -1.87 -1.21 0.691 0.722 2.24 0.351 0.442 -1.78 -0.854 1 2
0.284 -1.09 -0.349 0.493 1.33 0.341 1.18 -0.524 0.124 -0.841 2 2
0.553 0.0793 -0.18 -0.236 -0.559 -0.785 -0.731 0.248 1.2 -1.09 5 2
-0.976 1.59 -1.03 -1.07 -0.181 0.475 1.13 0.662 0.163 -0.0888 8 2
-0.155 0.98 -0.957 -1.03 -0.0878 -0.143 1.07 -0.329 1.17 -1.42 7 2
-0.972 1.59 -0.902 -0.954 -0.338 0.399 0.973 0.662 0.302 0.348 8 2
-1.08 1.34 -0.204 -0.322 -0.44 0.27 1.23 0.32 0.324 -0.428 9 2
0.942 -0.742 -0.346 -0.192 1.64 -0.264 0.908 -0.0324 -0.866 -1.01 3 2
-1.11 1.01 -0.384 0.000681 -0.484 0.622 1.16 0.182 0.352 -0.637 9 2
-0.142 -1.18 -0.262 1.12 0.0612 2.16 -0.776 0.303 -0.558 -0.69 2 3
-0.32 0.546 0.105 0.701 -2.54 0.45 0.707 0.198 1.19 -0.488 7 3
-0.755 0.199 -0.606 0.227 -0.556 1.74 -1.1 1.03 0.238 -0.6 9 3
-0.511 -0.0594 -1.22 1.4 0.558 1.57 -0.999 0.637 0.637 -1.27 10 3
-0.0383 -1.23 -0.495 1.12 0.0822 2.13 -0.846 0.723 -0.826 -0.423 2 3
1.23 -0.789 -1.58 -0.52 -0.599 1.61 -1.35 0.657 -1.05 0.0734 3 3
0.764 0.223 -0.725 0.55 -1.9 0.652 0.416 -0.669 1.07 -0.93 5 3
0.435 0.103 -0.323 0.376 -2.05 0.511 0.54 -1.04 0.98 -0.64 6 3
-0.435 0.419 0.21 0.852 -2.48 -0.0153 0.743 0.0322 1.26 -0.311 7 3
-0.86 0.313 0.892 1.65 -2.41 -0.105 -0.926 1.24 1.58 -0.367 8 3
-0.54 -0.0602 -1.26 1.46 0.526 1.56 -0.971 0.712 0.416 -1.1 10 3
0.297 -0.198 -0.926 0.359 -0.908 1.11 -1.21 0.986 0.409 -1.28 11 3
-0.531 -1.31 -0.187 1.68 0.168 1.75 -0.768 0.407 -0.654 -1.27 1 3
0.0446 -1.25 -0.651 0.911 0.0115 2.14 -0.456 0.674 -0.332 -0.586 2 3
0.364 0.212 -0.453 0.219 -1.88 0.311 0.979 -1.25 0.894 -0.547 6 3
-0.496 0.313 0.16 0.654 -2.09 -0.85 1.45 -0.0969 1.13 0.113 7 3
0.397 -0.217 -0.888 0.334 -0.967 1.26 -1.31 1.08 0.174 -1.09 11 3
0.163 -1.3 -0.791 0.718 -0.0742 2.25 -0.445 0.801 -0.0965 -0.377 2 3
1.05 -0.0313 -1.56 0.621 -0.858 0.685 -1.18 -0.245 0.409 -1.23 4 3
0.552 0.158 -0.891 0.537 -1.28 0.894 -0.588 -0.287 0.517 -0.956 5 3
0.132 0.389 -0.653 -0.0691 -1.3 -0.144 1.3 -1.37 0.391 0.0535 6 3
-0.294 0.174 -0.123 0.555 -2.31 -0.0501 0.999 0.111 1.36 -0.231 7 3
0.0377 -1.18 -0.871 0.521 -0.124 2.29 -0.449 0.646 -0.435 -0.191 2 3
1.04 -0.878 -1.6 -0.0797 -0.274 1.43 -1.33 0.842 -1.02 -0.0143 3 3
0.962 -0.132 -1.47 0.852 -0.772 0.515 -1.23 0.0147 0.0421 -1.1 4 3
-0.766 -0.0185 -1.6 1.44 0.526 1.49 -1.06 0.917 0.345 -1.54 10 3
0.0722 1.22 -0.686 -1.2 0.174 -1.56 0.306 0.514 1.49 -0.291 7 3
-1.51 0.297 0.59 -0.00327 -0.335 1.02 0.438 -0.165 0.814 1.39 10 3
0.0664 1.02 -0.246 -0.721 -0.583 -1.14 -0.569 0.243 2.25 -0.465 7 3
-1.22 0.96 0.955 -0.642 -0.784 -0.163 0.224 -0.0184 1.13 1.27 9 3
1.55 -1.55 -0.707 -0.992 0.231 1.38 1.25 0.765 0.801 -0.395 2 3
0.172 1.04 -0.00735 -0.791 -0.973 -0.549 -0.573 0.214 2.1 -0.392 7 3
-1.69 0.558 0.819 0.283 -0.944 1.43 0.116 -0.454 0.977 0.575 10 3
0.324 -0.311 0.71 -1.14 -0.238 0.917 0.839 -0.892 -0.0755 0.0635 11 3
0.552 0.95 -0.0734 -0.78 -0.96 -0.136 -0.164 0.111 0.784 -0.925 5 3
-1.18 0.981 1.31 -0.0243 -1.61 -0.135 0.297 -0.182 0.758 0.924 9 3
-1.79 0.693 0.859 0.239 -0.724 0.801 0.453 -0.702 1.18 0.625 10 3
0.524 1.14 -0.658 -0.959 -0.732 0.233 -0.0598 -0.198 0.607 -1.25 5 3
-1.1 1.23 1.1 -0.16 -1.48 0.104 1.06 -0.376 1.03 0.371 9 3
-1.93 1.01 0.797 -0.107 -0.405 0.442 0.551 -0.439 0.694 0.855 10 3
-1.1 -1.89 1.98 0.757 1.3 0.538 0.865 -1.16 -2.13 -0.706 1 3
1.76 -1.32 -0.457 -1.44 -0.0863 0.347 0.399 0.603 0.314 -0.0624 3 3
0.16 1.07 0.0657 -0.97 -0.682 -1.12 0.157 -0.109 2.28 -0.43 7 3
-1.07 1.45 0.142 -0.729 -0.574 0.664 1.07 -0.313 1.07 0.164 9 3
-2 1.23 0.734 -0.575 -0.432 0.69 0.739 -0.0707 -0.263 0.732 10 3
2.3 -1.82 -2.78 0.387 -0.0923 2.55 0.702 1.22 -1.9 -1.05 1 3
1.65 -0.932 -1.35 0.74 -0.0622 1.78 -0.361 1.29 -0.681 0.0188 3 3
0.687 0.446 0.59 1.41 -1.76 -0.772 -1.13 2.12 0.589 0.982 7 3
2.52 -1.16 -2.15 -0.257 -0.494 2.22 0.0982 1.88 -0.674 0.196 2 3
-0.725 1.59 0.456 1.32 -1.92 -1.51 -0.714 1.49 1.28 -0.0541 8 3
2.08 -1.86 -2.5 0.77 0.0777 2.81 0.795 0.8 -2.14 -1.13 1 3
2.6 -1.14 -2.12 -0.265 -0.562 2.1 0.0701 2.04 -0.577 0.302 2 3
1.12 0.0946 0.494 1.37 -1.33 -0.494 -1.18 1.79 0.509 0.729 5 3
0.604 -0.128 0.587 1.96 -1.06 -0.981 -1.77 1.56 0.756 1.31 7 3
0.575 -0.508 -0.562 1.39 -0.804 0.685 -0.854 1.07 1.14 -1.03 11 3
2.06 -1.87 -2.45 0.733 0.127 2.71 0.94 1.02 -2.07 -1.04 1 3
1.96 -0.23 -0.696 0.844 -0.869 0.448 -0.356 0.917 0.267 0.39 4 3
1.51 -0.09 -0.0144 1.25 -1.12 -0.105 -0.655 1.42 0.112 0.656 6 3
-0.644 1.17 0.345 1.32 -2.07 -1.42 0.518 1.14 1.61 0.194 8 3
-0.397 0.0198 -0.00173 1.91 -1.35 0.359 -0.33 0.882 1.63 -0.852 9 3
-1.35 0.495 0.473 1.3 -0.502 -0.56 1.13 -0.786 2.51 0.668 10 3
2.21 -0.922 -1.6 0.596 -0.169 1.62 -0.0577 1.55 -0.125 0.191 3 3
1.15 -0.0662 0.434 1.66 -1.18 -0.527 -1.33 1.59 0.772 0.79 5 3
-0.563 1.01 0.33 1.45 -2.41 -0.969 0.0224 1.76 1.14 0.714 8 3
0.775 -0.332 -0.601 0.915 -1.28 1.14 -0.569 1.42 0.928 -1.16 11 3
2.08 -1.33 -1.95 0.414 0.0958 2.33 0.0159 2.32 -0.372 -0.0259 2 3
1.07 -0.195 0.396 1.77 -1 -0.502 -1.3 1.37 0.744 0.6 5 3
-1.35 0.284 0.335 1.06 -0.533 -0.78 1.57 -0.573 2.39 0.9 10 3
0.752 0.636 0.831 -0.888 -0.867 -0.89 -0.402 1.09 0.588 -0.857 5 3
0.0124 0.123 1.88 0.392 -1.35 -0.984 -2.05 0.784 2.36 0.466 7 3
-0.11 -0.129 0.976 -0.52 -1.42 0.274 -0.783 1.32 1.4 0.84 9 3
1.95 -1.99 -1.71 -0.342 0.338 1.56 1.21 1.66 0.744 -0.637 1 3
2.05 -1.38 -0.874 -1.05 -0.133 1.03 0.672 0.971 1.01 -0.508 2 3
1.78 -2.02 -1.7 -0.201 0.457 1.67 1.17 1.71 0.51 -0.693 1 3
-0.421 -0.439 2.08 1.9 -1.44 -1.04 -2.75 0.433 1.85 1.76 8 3
0.04 -0.715 1.43 0.234 -1.32 0.0708 -0.753 0.943 1.29 1.79 9 3
0.0561 -0.732 1.35 0.143 -1.51 0.351 -0.257 0.999 1.11 1.57 9 3
0.686 -0.887 0.998 -0.277 -0.821 0.248 -0.3 0.472 1.13 0.294 11 3
-0.375 -0.522 1.98 1.81 -1.46 -1.03 -3.11 0.559 2.06 1.84 8 3
-1.37 -0.612 0.934 0.122 -0.155 1.2 -0.517 0.735 1.32 0.277 10 3
0.575 -0.821 1.09 -0.265 -0.678 0.311 -0.237 0.587 0.989 0.211 11 3
1.92 -1.56 -0.867 -0.959 -0.109 1.05 0.724 0.93 1.05 -0.533 2 3
1.3 -0.399 -0.107 -0.429 -0.0667 -0.186 -0.869 -0.0411 0.579 -1.08 4 3
0.991 -0.931 1.24 -0.0309 -0.544 -0.582 -0.51 0.855 1.56 -0.324 6 3
0.425 -1.04 1.74 1.21 -0.617 -1.09 -1.81 -0.17 2.14 1.58 7 3
-1.52 -0.384 0.941 0.085 -0.0682 1.17 -0.551 0.826 1.29 -0.0508 10 3
0.804 -1.06 -0.12 -0.279 1.21 0.321 -0.341 -0.271 -0.105 -1.15 3 3
0.613 1.08 -0.00875 -0.504 -0.991 -0.656 -0.144 1.49 0.977 -0.662 5 3
-0.731 -0.539 1.88 0.614 -1.21 -0.0219 -1.62 -0.441 1.07 1.98 9 3
-2.05 -0.292 2.06 0.971 -0.503 -0.07 -1.04 -1.13 0.0999 2.07 10 3
0.811 -1.5 -0.439 -0.223 0.982 1.76 0.54 0.615 0.384 -0.869 2 3
0.666 -0.281 1.13 -0.252 -1.12 0.192 0.154 0.465 1.13 -0.566 6 3
0.658 -0.852 1.71 1.69 -0.669 -0.497 -2.43 -0.278 1.13 2.05 7 3
-0.714 -0.0423 2.25 0.67 -1.18 -0.116 -0.718 -0.0655 0.752 1.78 9 3
2.12 -1.49 -0.807 -0.874 -0.456 1.38 0.321 1.42 1.38 0.315 2 3
1.62 -0.814 -0.325 -1.2 0.142 -0.499 -0.863 0.467 0.877 -0.297 4 3
0.327 0.694 0.55 -0.0849 -0.833 -1.1 -0.655 0.937 1.62 -0.38 5 3
0.828 -1.13 1.59 1.89 -0.512 -0.413 -2.38 -0.524 0.952 2.26 7 3
-0.904 0.993 1.14 -0.404 -1.44 -1.38 -1.58 0.917 1.5 1.96 8 3
-0.659 -0.11 2.01 0.272 -1.29 0.238 -0.0122 0.559 0.966 1.86 9 3
-0.698 0.024 1.45 -0.0494 -1 0.521 -0.597 0.667 1.38 1.49 9 3
-0.197 -0.0874 -0.441 -0.176 0.431 0.356 0.276 0.751 0.923 -0.44 11 3
-0.125 -2.26 0.00529 1.15 1.75 1.04 0.49 -0.0393 -0.723 -1.15 1 3
2.28 -1.18 -0.292 -0.674 -0.0261 0.791 -0.311 0.761 1.21 -0.00275 3 3
0.15 -0.298 2.05 1.35 -1.13 -0.593 -2.07 0.196 1.62 1.72 7 3
-1.79 -0.78 2.06 2.33 -0.333 -0.292 -0.878 -1.22 -0.98 1.92 10 3
0.0768 -1.54 -0.912 1.41 0.767 2.1 0.377 0.592 -1.28 -0.933 1 3
0.505 0.796 -2.12 -0.398 -0.702 0.367 0.555 -0.924 0.177 -0.0359 5 3
-0.97 1.72 0.119 -0.485 -1.46 -0.708 0.696 0.339 1.56 -0.064 8 3
-1.71 1.08 0.522 0.0942 -0.64 0.703 -0.216 -0.624 1.65 -0.2 10 3
-0.156 -0.747 -0.336 1.3 0.358 0.624 -0.0274 0.0706 -0.828 -1.37 2 3
-0.0314 0.954 -0.918 -1.09 -0.768 0.397 0.683 0.594 -0.46 -1.04 7 3
-0.954 1.86 -0.11 -0.512 -1.72 -0.017 0.436 0.653 1.37 -0.389 8 3
-1.07 1.04 -0.889 -0.438 -0.289 1.15 -0.854 0.59 -0.0632 -1.03 9 3
-0.571 -0.0347 -0.235 -0.0981 -0.116 0.43 0.39 0.449 -0.656 -0.557 11 3
0.266 -1.57 -1.07 1.32 0.753 2.24 0.293 0.864 -1.5 -0.788 1 3
-0.324 -0.672 -0.233 1.16 0.419 0.677 -0.0923 0.0828 -0.803 -1.43 2 3
1.47 -0.258 -0.687 0.206 -1.48 -0.413 0.548 -0.577 0.238 -0.937 4 3
0.438 0.733 -2.11 -0.371 -0.923 0.783 0.206 -0.896 0.281 -0.0309 5 3
-0.973 1.84 -0.0706 -0.595 -2.06 0.652 0.111 1.2 0.372 -0.35 8 3
-1.07 1.2 -1.29 -0.206 0.0491 1.1 -0.973 0.494 -0.393 -1.06 9 3
0.234 -1.57 -1.03 1.33 0.741 2.31 0.235 0.737 -1.54 -0.932 1 3
0.468 0.701 -2.01 -0.485 -0.926 1.01 -0.168 -0.598 0.156 0.0122 5 3
0.74 0.263 -0.628 -0.397 -0.806 -0.404 -0.17 0.704 -0.542 -0.206 6 3
0.171 -1.53 -0.996 1.38 0.74 2.37 0.126 0.528 -1.43 -1.14 1 3
-0.584 -0.429 -0.107 1.2 0.41 0.715 -0.265 -0.0149 -1.38 -0.817 2 3
0.465 0.619 -1.71 -0.632 -0.956 0.677 0.423 -0.51 0.242 -0.269 5 3
0.59 0.195 -0.785 -0.45 -0.517 -0.33 -0.0274 0.555 -0.342 -0.365 6 3
-1 1.96 -0.0663 -0.61 -1.95 0.165 -0.123 1.12 0.968 -0.296 8 3
-0.768 -0.16 -0.138 1.2 0.526 0.354 -0.0187 -0.367 -1.6 -0.797 2 3
-0.0406 0.88 -1.26 -1.28 -0.223 0.975 0.178 0.081 -0.83 -0.566 7 3
-0.996 1.98 -0.149 -0.758 -1.74 -0.255 0.834 0.44 1.24 -0.311 8 3
-1.19 1.61 -1.52 0.393 0.893 0.289 -1.22 -1.02 -0.186 -0.802 9 3
-0.992 -1.26 0.177 1.53 0.642 1.63 1.1 -1.14 0.135 -1.33 1 3
0.274 -1.04 -0.771 1.11 0.689 1.33 0.436 1.03 -0.258 -0.937 2 3
-1.03 1.64 1.07 -0.815 -1.04 -0.883 -0.737 2.97 0.566 -0.594 8 3
-1.62 0.919 -0.489 0.85 -0.461 -0.267 0.36 0.643 1.18 -1.4 10 3
0.931 0.0402 -1.39 -0.189 0.558 -1.03 0.332 0.831 -0.317 -0.994 4 3
0.183 1.22 0.953 -1.48 -1.09 0.486 0.774 0.978 1.17 -1.32 7 3
-0.904 1.45 -0.832 -0.186 0.279 -0.562 1.44 1.09 0.572 -0.672 9 3
0.678 -0.593 -0.919 -0.159 1.15 -0.472 0.655 0.208 -0.556 -0.39 3 3
0.873 0.677 -0.433 -1.66 0.574 0.806 -0.114 -0.556 1.02 -1.07 6 3
0.207 1.17 1.2 -1.44 -1.32 0.4 1.21 0.742 1.22 -0.983 7 3
-0.543 -1.76 -0.0776 2.45 0.604 2.03 0.665 -0.0707 -0.0965 -1.88 1 3
0.58 0.684 0.653 -1.37 -0.482 0.475 0.371 0.55 0.707 -1.43 5 3
0.874 0.551 0.0292 -1.75 0.233 1.08 0.176 -0.699 1.03 -0.938 6 3
0.27 1.06 1.42 -1.32 -1.6 0.122 1.44 0.592 1.35 -0.751 7 3
-0.558 -0.438 0.167 -0.184 0.665 -0.476 0.347 1.17 -0.54 -0.794 11 3
-0.892 1.51 0.951 -1.47 -1.66 -0.101 0.0289 2.8 0.696 -0.129 8 3
-1.01 0.369 0.186 0.00595 0.431 -1.39 -0.363 1.25 1.21 0.396 9 3
0.576 0.157 1 -1.51 -0.0592 0.992 0.882 -0.643 0.965 -1.03 6 3
0.217 0.287 2.11 -1.28 -1.82 -0.966 1.88 0.229 1.68 -0.45 7 3
-0.97 0.633 -0.125 0.405 0.0597 -0.964 0.116 0.951 1.16 -0.218 9 3
1.27 -0.323 0.261 -1.16 0.499 -0.852 0.36 -0.716 0.345 -0.539 4 3
0.987 -0.236 0.316 -0.161 -0.166 -0.6 -0.993 0.088 0.975 -0.716 6 3
-0.713 1.41 -2.19 -0.356 -0.205 0.819 1.59 0.351 0.521 -0.942 8 3
-0.00605 -0.027 0.16 0.052 1.1 -0.525 0.154 -0.453 0.246 -1.44 11 3
0.279 -0.949 -0.41 0.588 1.45 0.632 0.761 -0.613 -0.214 -1.12 2 3
0.699 -0.0126 0.421 -0.405 -0.404 -0.802 -0.454 -0.385 1.22 -0.778 5 3
0.0998 0.846 -0.335 -0.741 -0.183 -1.13 0.99 -0.055 1.48 -0.692 7 3
-0.949 -0.766 -0.197 1.27 0.388 2.45 -0.307 0.228 -0.616 -0.201 10 3
1.2 -0.297 0.338 -1.06 0.421 -0.842 0.373 -0.629 0.0613 -0.329 4 3
0.858 -0.252 0.209 -0.184 0.0928 -0.822 -0.343 -0.0672 1.31 -1.06 6 3
-0.89 1.53 -1.03 -1.16 0.133 -0.06 1.65 0.46 0.652 -0.296 8 3
1.05 -0.66 -0.433 -0.379 1.76 -0.0236 0.741 -0.0672 -0.947 -1.26 3 3
1.18 -0.213 0.248 -0.946 0.221 -0.636 0.399 -0.749 -0.0842 -0.324 4 3
0.718 -0.233 0.276 -0.319 0.237 -0.61 -0.125 -0.296 1.12 -1.03 6 3
-0.961 1.38 -0.641 -0.625 -0.142 0.573 1.42 0.562 0.153 -0.423 9 3
-1.28 -0.463 -0.0579 1.53 0.501 2.14 -0.484 -0.306 -0.293 -0.614 10 3
-0.144 -0.0798 -0.013 0.107 1.22 -0.583 0.271 -0.28 0.253 -1.5 11 3
0.345 -1.21 -0.208 0.417 1.38 0.289 1.24 -0.516 0.331 -0.9 2 3
1.02 -0.668 -0.455 -0.336 1.7 -0.07 0.88 -0.0167 -0.963 -1.16 3 3
1.22 -0.193 0.215 -0.787 0.168 -0.554 0.326 -0.732 -0.0193 -0.392 4 3
0.935 -1.9 -1.36 0.431 0.594 2.3 0.912 0.289 -0.977 -1.5 1 3
0.328 -1.21 -0.292 0.582 1.42 0.336 1.09 -0.503 0.296 -0.938 2 3
-1.48 -0.295 0.0179 1.58 0.526 2.09 -0.785 0.0444 -0.491 -0.364 10 3
0.195 -2.69 1.08 1.32 1.45 1.64 -0.772 -1.4 -0.766 0.974 1 4
0.0987 -1.3 1.24 1.23 1.77 -0.37 -1.97 -1.54 -0.586 0.398 2 4
0.682 -1.23 1.04 1.09 0.946 -1.67 -1.33 -0.969 0.0315 0.693 3 4
0.513 0.158 0.278 -1.39 -0.574 -0.893 1.92 -0.287 -0.265 -0.0359 5 4
0.813 -0.234 -0.159 -1.27 0.12 -1.3 2.52 -0.374 -0.888 0.938 6 4
-0.379 0.372 2.24 -0.354 -1.12 -1.75 -0.0468 1.69 0.105 -0.993 7 4
-0.793 1.54 0.824 -0.878 -1.18 -1.9 0.438 2.17 0.0806 -0.162 8 4
-1.01 0.665 0.646 -1.09 0.812 0.382 0.735 0.172 -0.426 -1.42 9 4
-1.1 0.793 1.5 0.117 1.34 -0.254 -0.579 0.78 -1.22 -1.17 10 4
-0.0233 -1.19 1.87 1.06 1.59 -0.461 -2.1 -1.57 -0.326 0.403 2 4
1.87 -0.829 0.304 -0.67 0.0747 -1.43 0.414 -0.678 -0.568 0.512 4 4
-0.233 0.444 2.15 -0.537 -1.2 -1.57 0.224 2.1 -0.0018 -0.993 7 4
-1.13 0.643 1.42 0.0481 1.57 -0.39 -0.0468 0.814 -1 -1.39 10 4
0.318 0.272 -0.034 -1.32 -0.321 -0.0749 1.77 -0.819 -0.302 -0.46 5 4
0.211 -0.722 0.379 -1.06 0.592 -0.655 0.815 0.395 -1.27 -0.132 11 4
1.83 -0.894 0.635 -0.742 0.394 -1.74 0.635 -0.748 -0.579 0.484 4 4
-0.441 1.06 1.96 -0.927 -1.29 -1.4 0.12 1.76 -0.593 -0.301 7 4
-1.02 0.573 0.886 -0.878 0.637 -0.259 0.8 0.276 -0.298 -1.35 9 4
0.262 -0.722 0.401 -0.809 0.582 -0.958 1.05 0.315 -1.41 -0.0888 11 4
1.85 -0.848 0.434 -0.417 0.287 -1.83 0.936 -0.784 -0.538 0.335 4 4
-1.49 0.967 1.57 -0.527 1.47 0.13 -0.0555 0.915 -0.703 -1.6 10 4
0.301 0.178 0.217 -1.16 -0.458 -0.38 1.88 -0.254 -0.809 -0.271 5 4
-0.0567 -0.729 0.311 0.26 0.406 -0.151 1.04 -0.789 -1.13 -0.0607 6 4
-0.526 1.18 0.549 -0.991 -0.676 -0.891 1.49 0.0775 -0.486 -1.02 7 4
-1.54 0.991 2.16 -0.7 1.13 0.42 -0.194 0.957 -0.274 -1.7 10 4
0.567 -0.775 0.681 -0.609 0.612 -1.29 0.836 0.243 -1.31 -0.306 11 4
0.62 -0.944 -0.704 1.04 0.892 0.372 -0.999 -0.918 -0.733 0.792 3 4
0.818 -0.425 -0.592 -0.0665 -0.0953 -1.04 0.414 -1.8 -0.0123 0.694 4 4
0.344 0.365 -0.211 -0.65 -1.23 -0.63 1.02 0.257 0.256 -1 5 4
0.597 0.0759 -0.491 -0.635 -0.5 -0.242 0.319 -0.31 0.149 -0.45 6 4
-1.71 1.15 -0.906 0.246 1.14 -0.55 0.992 -0.585 0.0684 -2.2 10 4
-0.0739 -1.67 -0.26 0.326 2.03 0.934 1.94 -2.84 -1.28 0.448 1 4
-0.477 -0.822 0.151 1.65 1.46 1.5 -0.833 -1.18 -1.71 -0.0624 2 4
0.37 0.241 -0.114 -0.451 -1.29 -1.02 1.25 0.289 0.368 -0.902 5 4
-0.173 0.824 -0.533 -0.666 -0.369 -0.558 1.96 -0.0289 0.00171 -1.58 7 4
-1.73 1.18 -0.861 0.244 1.12 -0.752 1.2 -0.58 0.237 -2.34 10 4
-0.362 -0.992 0.201 1.68 1.34 1.74 -0.227 -0.615 -2.1 0.121 2 4
0.397 0.318 -0.236 -0.55 -1.17 -0.976 1.59 -0.055 0.284 -0.935 5 4
0.182 -0.357 -0.443 0.553 -0.202 0.362 0.193 0.922 0.219 -1.46 11 4
-0.66 0.155 -0.668 0.435 -0.101 0.546 -0.0771 1.73 0.965 -1.69 9 4
-1.82 1.49 -0.284 -0.284 1.01 -1.24 0.882 -0.615 0.749 -2.07 10 4
0.228 -0.404 -0.516 0.566 -0.285 0.15 0.468 0.721 0.466 -1.63 11 4
0.13 -0.806 -0.093 1.11 1.09 0.221 -1.03 -0.838 -1.74 1.27 3 4
0.407 -0.371 -0.399 -0.0441 -0.0893 -0.967 -0.0533 -1.91 0.0912 0.305 4 4
0.368 0.461 -0.36 -0.821 -1.07 -0.446 1.55 -0.355 0.502 -1.28 5 4
0.352 0.459 -0.425 -0.736 -1.29 -0.302 1.5 -0.207 0.395 -1.33 5 4
-0.739 -0.388 -0.139 1.21 0.352 0.828 -1.15 1.43 0.316 -0.519 9 4
-1.93 1.77 -0.618 -0.188 0.844 -1.24 0.94 -0.61 0.563 -2.4 10 4
0.257 -0.504 -0.469 0.579 -0.279 -0.0965 0.587 0.62 0.679 -1.7 11 4
0.73 -1.69 -0.468 0.285 2.13 0.548 -0.153 -0.329 -1.03 0.638 2 4
-1.16 1.2 0.564 -2.32 -0.568 -0.151 1.26 0.864 0.47 -1.15 8 4
-0.262 -2.03 0.205 0.866 2.85 0.539 0.36 -2.07 -0.107 0.257 1 4
0.627 -1.69 -0.252 0.239 2.09 0.687 -0.313 -0.266 -1.09 0.66 2 4
0.979 0.864 0.105 -0.933 -0.616 -0.449 0.572 -0.111 -1.58 0.714 6 4
0.57 0.438 1.74 -0.236 -1.7 -1.61 -0.88 1.98 0.493 -1.07 7 4
-0.968 0.265 0.994 -1.66 0.783 -0.403 1.36 1.99 -1.59 -0.329 9 4
-0.44 -1.92 0.209 1.04 2.85 0.596 0.399 -2.04 -0.295 0.446 1 4
0.362 -1.63 0.0193 0.268 2.12 0.617 -0.889 -0.418 -0.968 0.708 2 4
0.737 0.806 0.316 -1.16 -1.94 -0.368 0.271 1.04 -1.13 -0.471 5 4
0.451 0.0615 -0.215 -0.535 0.443 -0.862 0.414 -0.42 -2.17 1.1 11 4
0.324 0.629 1.01 -0.518 -1.76 -1.33 0.107 1.82 -0.582 -1.14 7 4
-2.16 0.306 2.08 -1.17 1.21 -0.669 0.321 0.897 -1.78 -0.379 10 4
-1.2 -1.63 1.06 1.13 3.21 0.889 0.198 -1.49 -0.0228 0.693 1 4
0.794 -1.13 -0.378 1.03 0.501 -0.635 -1.04 -1.73 0.482 0.914 3 4
0.649 0.7 0.229 -0.982 -2.02 -0.938 0.605 1.07 -0.61 -0.827 5 4
0.206 0.706 0.507 -0.724 -1.56 -0.963 0.797 1.33 -1.26 -0.961 7 4
0.865 -1.36 -0.417 0.824 0.82 -0.752 -0.216 -1.9 -0.0544 1.33 3 4
1.29 0.137 -0.0186 0.0823 -0.237 -1.45 -0.0793 -0.87 -0.896 0.822 4 4
0.255 0.101 -0.572 -0.431 0.513 -0.27 -0.272 -1.79 -0.668 1.22 6 4
-1.15 0.272 0.278 -1.2 1.92 0.116 -0.701 -0.362 -1.04 0.366 9 4
-2.31 0.563 1.86 -1.12 1.13 -0.669 0.284 0.965 -1.9 -0.385 10 4
-0.632 -0.897 0.654 1.17 0.774 -1.92 -1.12 -1.28 -0.146 1.89 3 4
-1.95 2.22 -0.079 -1.38 0.213 -1.54 1.83 -0.863 -1.06 0.711 10 4
-0.871 -0.684 0.868 0.944 0.776 -2.15 -1.15 -1.16 0.0613 1.94 3 4
-0.518 -0.561 -0.093 -0.352 0.01 -0.782 0.343 0.378 -0.486 1.14 4 4
-0.245 0.087 -0.899 -0.371 -0.711 -0.363 1.08 -0.36 -0.703 1.38 6 4
-1.12 0.355 0.295 -0.85 0.643 -0.515 -0.831 -1.16 -0.31 1.76 11 4
-0.983 -0.689 0.934 0.817 1.04 -2.18 -1.25 -0.91 0.00522 2.07 3 4
-0.492 -0.584 -0.297 -0.508 0.362 -0.467 -0.123 0.381 -0.51 1.45 4 4
-0.646 0.0751 -0.628 -0.279 -0.646 -0.365 0.832 -0.332 -0.409 1.34 6 4
-0.434 -0.59 -0.632 -0.43 0.344 -0.297 0.116 0.196 -0.654 1.64 4 4
-1.46 2.19 -1.94 -1.73 1.54 0.51 0.527 0.0095 -1.29 0.0188 8 4
-1.38 -0.402 1.49 1.29 1.47 -2.06 -1.69 -1.25 -0.689 2 2 4
-1.28 -0.519 0.591 1.01 0.649 -1.26 -0.61 -1.39 0.0157 1.26 3 4
-0.873 -0.134 -1.1 0.0204 0.204 -0.169 0.62 -0.847 -0.526 2 6 4
-0.794 0.875 -0.646 -1.56 0.263 -0.184 1.29 0.648 -2.13 0.318 7 4
-1.68 2 0.0151 -2.02 0.904 -0.287 -0.0317 0.0147 -1.85 0.221 9 4
-1.11 -0.0704 -0.159 -0.646 1.52 -0.444 -0.733 -0.673 -0.0632 0.482 11 4
-1.54 -0.178 1.62 1.01 1.22 -2.37 -1.53 -0.986 -0.426 1.87 2 4
-1.41 -0.608 0.724 1.05 0.744 -1.54 -0.259 -1.01 -0.211 1.25 3 4
-1.06 -0.125 -1.17 0.131 0.505 -0.459 0.756 -0.768 -0.416 1.75 6 4
-2.11 2.65 -1.58 -1.05 1.06 -0.744 -0.447 -1.47 0.035 0.621 10 4
-1.22 -0.0466 0.0362 -0.934 1.56 -0.457 -1.03 -0.5 0.335 0.65 11 4
1.08 1.24 -0.923 -1.5 0.221 0.49 0.291 -1.16 -0.842 0.631 5 4
0.702 0.598 0.194 -1.37 0.194 -0.191 -0.287 -0.421 -0.751 0.237 6 4
0.577 1.46 -0.0874 -2.05 -0.607 0.627 0.882 0.156 -1.25 0.103 7 4
0.822 0.442 0.0952 -1.16 0.356 -0.161 0.0333 -0.381 -0.558 -0.193 6 4
-1.36 0.998 0.819 -0.703 -0.196 -0.106 -0.614 1.05 -0.481 -1.55 10 4
-0.0716 -1.11 0.347 1.27 1.77 -0.545 -1.06 -0.608 -0.561 1.57 2 4
-0.198 1.23 -0.406 -1.8 -0.565 0.94 1.82 -0.161 0.00873 -0.905 8 4
-0.329 -2 0.976 1.62 1.56 1.12 -1.76 -1.96 0.142 0.797 1 4
0.0561 -1.08 0.313 1.02 1.79 -0.486 -1.34 -0.47 -0.374 1.59 2 4
0.508 -0.316 0.51 0.845 0.0747 -0.976 -1.39 -1.15 0.307 1.45 3 4
1.43 0.343 0.588 -1.02 0.44 -1.01 -0.495 -0.706 0.0613 0.0817 4 4
-1.26 0.76 1.06 -0.446 -0.196 -0.611 -0.657 1.46 0.133 -1.73 10 4
-0.0751 0.517 -0.354 -0.215 0.321 -0.328 -0.575 -0.165 -0.386 0.135 11 4
-0.202 -0.793 0.629 1.26 1.27 -0.959 -1.46 -0.758 -0.179 1.63 2 4
0.912 1.67 -1.26 -1.08 -0.139 0.727 0.477 -1.09 -1.43 1.84 5 4
0.57 0.577 0.0966 -0.252 -0.0637 -0.333 0.206 -0.652 -0.23 0.688 6 4
0.369 1.44 -0.969 -1.42 0.216 0.569 1.66 -0.639 -1.26 0.691 7 4
-0.214 1.31 -0.295 -1.56 -0.851 0.261 2.09 0.381 -0.314 -1.08 8 4
-0.884 1.16 -0.451 -0.588 -0.468 0.574 1.16 0.282 0.196 -1.39 9 4
-0.102 0.607 -0.0986 -0.126 0.109 -0.396 -0.512 0.175 -0.417 0.0833 11 4
0.406 -0.4 0.455 1.01 0.46 -1.29 -0.363 -1.32 -0.00706 1.57 3 4
0.374 0.664 -0.0902 -0.119 0.0868 -0.691 0.39 -1.08 -0.177 1.12 6 4
-1.57 1.24 0.706 -0.8 -0.362 -0.25 -0.354 1.48 -0.46 -1.58 10 4
0.301 0.647 -0.996 -0.173 -1.04 1.39 0.3 -1.39 -0.284 1.19 5 4
0.16 -0.0857 -0.572 0.24 0.723 0.0526 -0.177 -1.22 -0.826 1.69 6 4
-1.01 0.307 0.32 1.79 1.54 -1.53 -1.15 -1.53 -0.631 0.512 10 4
-0.321 0.635 0.175 0.425 0.761 -0.875 -0.341 -1.54 -0.856 1.8 11 4
-1.71 -0.738 2.56 1.69 0.931 -1.71 -1.43 -0.402 -0.0386 1.51 1 4
0.201 -0.115 -0.55 0.209 -1.11 -0.12 0.451 -0.857 0.116 1.2 4 4
-1.01 0.265 0.0222 0.236 0.838 -0.343 -1.2 -0.802 -0.398 0.741 9 4
-0.968 0.421 0.292 1.96 1.7 -1.34 -1.65 -1.3 -0.849 0.376 10 4
-1.79 -0.583 2.72 1.35 0.854 -1.5 -1.59 -0.456 0.0754 1.57 1 4
-0.0026 0.0147 -0.597 0.286 0.853 -0.108 -0.478 -1.18 -0.656 1.38 6 4
-0.74 2.03 -1.42 -1.29 0.114 0.723 -0.0338 -0.578 -0.481 -0.725 8 4
-0.976 0.386 0.13 0.285 0.812 -0.338 -1.05 -0.967 -0.553 0.681 9 4
-1.79 -0.491 2.44 1.36 0.923 -1.3 -1.71 -0.803 0.344 1.58 1 4
-0.192 0.107 -0.578 0.431 0.792 -0.148 -0.677 -1.23 -0.346 1.2 6 4
0.317 0.807 -1.2 -0.254 -0.652 1.33 0.0138 -0.887 -1.12 1.12 5 4
-0.29 0.124 -0.498 0.489 0.883 -0.323 -0.655 -1.26 -0.521 1.32 6 4
-0.364 1.22 -1.91 0.231 0.856 0.318 0.313 -1.67 -1.39 0.256 7 4
-0.73 2.02 -1.56 -0.967 0.0371 0.374 0.343 -0.355 -1.08 -0.634 8 4
-0.752 0.214 -0.101 0.633 1.22 0.0327 -0.603 -1.4 -1.19 1.13 9 4
-0.446 0.764 0.29 0.391 0.448 -1.08 -0.571 -1.57 -0.851 1.69 11 4
0.23 -0.674 0.253 1.5 -0.562 -0.568 -0.634 -1.8 0.277 1.29 3 4
-0.97 -0.824 1.74 1.27 0.848 -0.703 -2.41 -1.32 -0.0579 1.74 1 4
-0.699 0.205 1.1 1.37 1.59 -0.229 -1.25 -1.34 -1.2 1.2 2 4
0.167 0.862 -0.476 -1.16 -0.268 0.654 1.1 0.296 -0.754 0.247 7 4
-0.504 1.45 -0.735 -1.68 0.529 1.03 1.83 0.306 0.0771 -0.622 8 4
0.664 0.176 -1.3 0.555 -0.465 -0.332 -0.664 -0.941 0.598 1.66 4 4
-0.495 1.45 -0.797 -1.61 0.547 0.697 1.91 0.507 0.337 -0.605 8 4
-0.541 -0.314 0.767 1.43 1.82 0.687 -0.35 -1.1 -1.45 1.1 2 4
-0.044 -0.227 -0.451 1.41 0.595 -0.959 -1.08 -0.955 -0.368 1.78 3 4
0.656 0.165 -1.14 0.418 -0.363 -0.568 -0.365 -0.941 0.53 1.45 4 4
-1.02 0.525 0.504 0.661 1.49 -0.156 -2.21 -0.809 -1.47 -0.579 10 4
-0.0325 -0.281 -0.455 1.53 0.397 -0.554 -1.19 -1.36 -0.193 1.71 3 4
0.645 0.118 -1.06 0.321 -0.205 -0.78 -0.0598 -0.84 0.244 1.54 4 4
-0.854 0.564 1.34 -0.68 0.525 0.261 -0.211 0.599 -0.586 -0.784 9 4
-0.296 -1.57 1.49 1.76 1.04 -0.103 -2.16 -1.7 -1.29 1.86 1 4
0.568 0.0521 -1.04 0.338 -0.0592 -0.866 -0.125 -0.517 -0.0334 1.8 4 4
-0.121 0.318 -0.151 -0.198 0.838 -0.317 0.0333 -0.379 -1.61 1.27 11 4
-0.479 -0.694 0.935 1.16 1.78 0.645 -0.185 -0.435 -1.81 1.09 2 4
0.394 0.178 0.136 -1.26 -0.508 -0.519 1.78 -0.406 -0.312 -0.299 5 5
0.873 -0.322 -0.238 -1.28 0.249 -1.05 2.2 -0.481 -0.519 0.408 6 5
-0.868 1.74 0.924 -1.03 -1.35 -1.46 0.447 1.44 0.445 0.0535 8 5
0.592 -1.15 0.934 1.3 0.985 -1.73 -1.05 -1.48 0.0456 0.817 3 5
-0.993 1.72 0.622 -1.18 -1.29 -0.936 1.11 1.16 0.584 -0.191 8 5
-1.28 0.375 1.53 -0.311 1.52 -0.163 -0.138 0.833 -1.08 -1.72 10 5
-0.324 -2.33 1.53 1.3 1.33 1.41 -1.43 -1.64 -0.0264 1.07 1 5
0.422 -1.15 1.05 1.47 0.806 -1.95 -1.38 -0.99 0.205 0.863 3 5
0.305 0.234 0.0797 -0.954 -0.864 0.111 1.79 -0.648 -0.774 -0.201 5 5
-1.17 1.71 0.736 -0.869 -1.24 -1.13 1.13 1.2 0.663 -0.256 8 5
-1.42 0.617 1.55 -0.427 1.42 0.0807 -0.294 0.763 -0.921 -1.74 10 5
-0.0521 -0.715 1.54 1.18 0.495 -2.4 -1.25 -0.533 0.651 0.656 3 5
0.251 0.162 0.276 -0.788 -0.861 -0.3 1.99 -0.444 -1.06 -0.0624 5 5
-1.16 1.69 0.944 -0.741 -1.42 -1.21 0.607 1.02 0.691 -0.145 8 5
-1.06 0.684 1.15 -0.844 0.636 -0.393 0.44 -0.0498 -0.307 -1.39 9 5
-0.563 -2.08 1.73 0.949 1.38 1.44 -1.73 -1.92 -0.0755 1.42 1 5
1.72 -0.798 0.517 -0.48 0.321 -1.84 0.486 -0.528 -0.682 0.433 4 5
-1 0.562 0.768 -0.571 0.788 -0.393 0.711 0.109 -0.623 -1.48 9 5
-0.136 -1.86 0.0109 0.589 1.85 0.581 2.3 -2.47 -1.23 0.304 1 5
-0.213 0.749 -0.284 -0.713 -0.505 -0.858 1.69 0.186 0.338 -1.5 7 5
0.221 -0.216 -0.458 0.605 0.01 0.49 0.386 0.871 0.112 -1.78 11 5
0.705 -0.0619 -0.212 -0.7 -0.553 -0.07 0.191 -0.27 0.367 -0.498 6 5
0.234 -0.304 -0.503 0.658 -0.142 0.382 0.386 1.05 0.153 -1.55 11 5
-0.0371 0.734 -0.419 -0.942 -0.121 -0.451 1.93 0.313 0.0105 -1.66 7 5
-0.657 0.261 -0.715 0.226 -0.238 0.925 -0.33 2.33 0.489 -1.78 9 5
0.412 0.466 -0.382 -0.88 -0.902 -0.646 1.62 -0.343 0.331 -1.12 5 5
0.797 -0.315 -0.0663 -0.381 -0.646 0.00125 -0.00354 0.32 0.289 -0.96 6 5
0.0918 0.724 -0.491 -1.12 -0.00954 -0.0716 1.85 0.241 0.226 -1.37 7 5
-0.0486 0.778 -0.505 -0.949 -0.0156 0.294 1.79 -0.479 0.324 -1.12 7 5
-0.758 -0.0687 -0.294 0.813 0.114 0.483 -0.473 1.62 0.872 -1.43 9 5
0.266 -0.492 -0.479 0.617 -0.304 -0.0666 0.546 0.683 0.659 -1.71 11 5
-0.297 0.652 0.0854 -0.679 -0.166 0.226 1.24 -0.713 0.391 -1.2 7 5
-0.0049 -2.12 -0.0116 0.767 2.76 0.727 0.412 -2.24 0.0964 0.0204 1 5
0.562 0.377 1.7 -0.364 -1.69 -1.4 -0.677 2.06 0.247 -1.05 7 5
-2.03 0.764 1.38 -0.617 1.09 -1.59 0.733 0.24 -1.68 -0.248 10 5
1.27 -1.04 -0.467 0.895 1.03 -0.82 -1.08 -1.54 -0.177 1.11 3 5
-1.31 1.39 0.0769 -2.06 -0.246 -0.199 1.35 0.81 -0.168 -1.17 8 5
-2.09 0.569 1.5 -0.858 1.26 -1.15 0.817 0.514 -1.94 -0.324 10 5
1.06 -1.03 -0.408 1.01 0.923 -1.03 -0.88 -1.65 0.0649 1.09 3 5
1.4 0.238 -0.131 -0.12 0.016 -1.85 0.46 -0.964 -0.454 0.249 4 5
0.908 0.541 0.313 -0.567 -0.897 -0.575 0.663 -0.156 -1.59 0.732 6 5
0.492 0.58 1.46 -0.314 -1.75 -1.65 -0.592 1.99 0.244 -1.2 7 5
-1.36 1.56 -0.558 -1.95 0.219 -0.219 1.76 0.564 -0.544 -1.26 8 5
-2.15 0.202 1.87 -1.04 1.33 -0.804 0.676 1.16 -1.95 -0.389 10 5
-0.64 -1.87 0.376 0.998 3.09 0.819 0.507 -1.85 -0.347 0.64 1 5
0.0595 -1.53 0.257 0.464 2.09 0.203 -1.12 -0.596 -0.909 0.918 2 5
-1.4 1.6 -1.01 -1.8 0.522 -0.156 1.93 0.343 -0.796 -1.19 8 5
0.315 0.113 -0.27 -0.408 0.328 -0.79 0.317 -0.641 -1.99 1.14 11 5
0.0239 -1.47 0.133 0.537 2.1 -0.0799 -0.958 -0.735 -1.05 1.27 2 5
1.34 0.202 -0.108 0.0441 -0.187 -1.53 0.00512 -0.995 -0.786 0.537 4 5
0.546 0.189 0.00389 -0.497 -0.342 -0.29 0.33 -1.3 -1.33 1.15 6 5
-1.39 1.58 -1.13 -1.75 0.713 -0.0666 2.12 0.146 -0.916 -1.12 8 5
-2.25 0.516 2.21 -1.13 0.99 -0.746 -0.0988 0.838 -1.76 -0.294 10 5
0.124 -1.51 0.0783 0.479 2.07 -0.221 -0.631 -0.704 -1.18 1.3 2 5
-2.13 0.301 2.65 1.8 0.0702 -1.84 -1.21 -0.372 0.421 1.22 1 5
-0.334 -0.574 -0.139 -0.36 -0.187 -0.827 0.52 0.364 -0.509 1.24 4 5
0.45 0.379 -1.04 -0.921 -0.676 -0.231 2.61 -1.56 -0.642 0.208 5 5
-0.627 0.967 -0.347 -1.27 -0.542 -0.698 1.61 0.983 -2.3 0.33 7 5
-1.06 0.356 0.479 -1.03 0.615 -0.514 -1 -1.03 -0.196 1.55 11 5
-2.21 0.372 2.7 1.7 0.0431 -1.59 -1.61 -0.202 0.637 0.88 1 5
0.233 0.324 -0.941 -0.832 -0.927 -0.156 2.79 -1.47 -0.461 -0.0508 5 5
-0.786 1.1 -0.325 -1.59 -0.365 -0.497 1.24 1.12 -2.29 0.587 7 5
-1.46 1.88 -0.423 -1.84 1.43 -0.151 0.096 -0.339 -2.2 0.08 9 5
-2.01 2.34 0.0896 -1.93 0.281 -1.46 1.3 -0.116 -0.842 0.557 10 5
-2.22 0.264 2.63 1.87 -0.429 -1.63 -1.46 -0.325 0.844 0.747 1 5
-1.37 -0.0151 1.42 1.58 0.823 -2.4 -1.45 -1.79 -0.256 2.43 2 5
-0.265 0.322 -0.783 -0.84 -0.736 -0.443 3.05 -1.47 -0.126 0.143 5 5
-0.888 1.01 0.00249 -1.77 -0.259 -0.325 0.78 1.05 -1.76 0.456 7 5
-2.21 0.166 2.52 1.96 -0.645 -1.89 -1.2 -0.491 1.05 0.563 1 5
-1.09 -0.641 0.702 0.921 1.05 -1.83 -0.856 -1.19 -0.072 1.59 3 5
-0.709 -0.15 -0.874 -0.0862 -0.249 0.0576 0.655 -0.892 -0.298 1.52 6 5
-0.858 0.943 -0.19 -1.98 0.197 0.228 0.548 0.814 -2.06 0.396 7 5
-1.58 1.9 -0.344 -1.8 1.24 -0.219 0.263 -0.271 -1.67 -0.0789 9 5
-1.05 -0.0219 -0.323 -0.505 1.45 -0.499 -0.536 -0.802 -0.398 0.873 11 5
-1.46 2.1 -1.73 -1.85 1.13 0.419 0.819 0.419 -1.06 -0.0292 8 5
-2.11 2.72 -1.7 -1.03 0.88 -0.752 0.0159 -1.65 0.221 0.817 10 5
-1.51 2.03 -1.36 -2.11 0.783 0.329 0.75 0.622 -0.523 0.0254 8 5
-0.243 -2.06 1.05 2.01 1.4 0.657 -1.51 -1.74 -0.202 1.41 1 5
-0.271 -0.744 0.741 1.28 1.63 -0.618 -1.67 -1.08 -0.709 1.35 2 5
0.448 -0.312 0.59 0.107 0.41 -1.52 -0.954 -0.39 0.293 1.21 3 5
-0.871 1.92 -0.599 -0.796 -0.461 0.26 0.715 -0.27 -0.323 -1.07 9 5
-1.46 1.11 0.487 -0.525 -0.0321 -0.371 -0.426 1.02 -0.724 -1.43 10 5
0.221 0.315 -0.419 -0.167 0.294 0.0311 -0.701 -0.0271 -0.449 0.506 11 5
-0.114 -1 0.42 1.46 1.69 -0.568 -1.16 -0.932 -0.726 1.39 2 5
0.649 -0.476 0.557 0.455 0.499 -1.63 -0.911 -0.442 0.119 1.41 3 5
1.1 1.31 -0.533 -1.76 0.013 0.238 0.41 -1.01 -0.854 0.194 5 5
0.492 1.43 0.102 -2.05 -0.401 1.06 0.488 -0.0725 -1.2 0.0519 7 5
-0.812 1.52 -0.197 -0.563 -0.0893 -0.714 0.927 -0.000964 0.51 -0.299 9 5
0.157 0.568 -0.482 -0.0138 0.526 -0.0931 -0.807 -0.331 -0.531 0.431 11 5
0.352 1.29 0.139 -1.99 -0.423 1.15 0.529 -0.184 -1.34 -0.0375 7 5
-0.718 1.11 0.168 -0.606 0.182 -1.09 1.1 -0.111 1.1 0.284 9 5
-1.24 0.806 1.13 -0.566 -0.359 -0.214 -0.677 1.15 -0.0649 -1.72 10 5
0.017 0.628 -0.457 -0.0862 0.473 -0.308 -0.744 -0.367 -0.546 0.252 11 5
0.328 1.36 -0.443 -1.67 -0.166 0.687 1.33 -0.273 -1.52 0.322 7 5
-0.211 1.19 -0.336 -1.6 -0.894 0.432 1.9 0.215 -0.27 -0.935 8 5
-0.707 1.09 0.295 -0.755 -0.0637 -0.722 1.29 -0.219 1.46 0.0949 9 5
0.423 -0.273 0.606 0.94 0.0221 -1.1 -0.789 -1.27 0.214 1.53 3 5
1.36 0.52 0.129 -0.832 0.601 -1.1 -0.856 -0.727 0.293 0.232 4 5
0.779 -2.39 -0.0888 1.45 1.4 0.992 -1.48 -2 -0.0895 1.15 1 5
-0.339 -0.181 0.82 1.34 1.03 -1.27 -1.75 -0.95 -0.00706 1.86 2 5
1.36 0.469 0.136 -0.595 0.795 -1.09 -0.908 -0.603 -0.00355 0.689 4 5
0.856 1.55 -1.12 -1.13 -0.273 0.819 0.414 -0.955 -1.34 1.68 5 5
-0.807 1.08 -1.06 -0.279 0.135 0.703 1.26 0.0287 -0.375 -1.32 9 5
-0.982 0.0368 1.45 1.07 0.871 -1.32 -0.781 -1.75 -0.367 1.3 2 5
0.123 -0.423 0.47 1.15 -0.462 -1.28 -0.0209 -1.57 0.417 1.99 3 5
-0.131 1.29 -1.68 0.313 0.138 1.33 0.00945 -0.922 -1.8 0.168 7 5
0.267 -0.622 0.302 1.44 -0.629 -0.84 -0.179 -1.98 0.602 1.89 3 5
0.32 0.673 -1.03 -0.157 -1.09 1.52 0.118 -1.62 -0.0492 1.1 5 5
0.148 -0.0491 -0.558 0.279 0.693 -0.0368 -0.153 -1.24 -0.766 1.53 6 5
-0.683 2.07 -1.53 -1.31 0.526 0.452 0.289 -0.833 -0.602 -0.408 8 5
-0.289 0.578 0.122 0.437 0.956 -0.949 -0.374 -1.45 -0.847 1.69 11 5
0.276 -0.619 0.189 1.31 -0.417 -0.792 -0.0165 -2.24 0.437 2.04 3 5
0.272 0.765 -1.08 -0.213 -0.948 1.45 0.000789 -1.32 -0.451 1.32 5 5
-0.917 0.342 0.201 2.09 1.97 -1.09 -1.78 -1.27 -1.04 0.282 10 5
-0.905 0.107 1.42 0.434 1.62 -1.23 -1.38 -1.08 -0.756 1.57 2 5
0.171 -0.41 -0.25 0.591 -1.48 -0.141 0.739 -1.11 0.228 1.26 4 5
-0.746 1.98 -1.47 -1.12 0.000989 0.833 -0.32 -0.174 -1.07 -0.619 8 5
-0.874 0.332 -0.0368 0.608 0.955 -0.192 -0.776 -1.33 -0.717 0.797 9 5
-0.899 0.264 0.115 2.17 2.14 -1.02 -1.82 -1.4 -0.973 0.179 10 5
-1.78 -0.47 2.24 1.65 0.786 -1.37 -1.68 -0.856 0.572 1.53 1 5
0.282 -0.698 0.22 1.62 -0.821 -0.474 -0.798 -1.86 0.616 1.47 3 5
-0.988 0.405 0.278 1.82 2.11 -0.963 -1.87 -1.5 -1.19 0.0105 10 5
-0.158 -0.143 -0.373 0.337 -1.01 -0.00868 0.178 -1.35 0.384 1.12 4 5
0.347 0.778 -0.971 -0.371 -0.775 1.04 0.579 -0.718 -1.4 0.809 5 5
-0.497 0.712 0.463 0.197 0.609 -1.18 -0.711 -1.22 -1.31 1.74 11 5
-0.273 0.0793 0.158 0.67 0.382 -1.32 -0.954 -0.294 -0.668 1.84 3 5
0.713 0.178 -1.32 0.492 -0.238 -0.572 -0.452 -1.01 0.289 2.11 4 5
0.383 1.06 -1.11 -0.668 0.0266 -0.244 0.568 -1.18 -0.546 1.49 6 5
-0.89 0.931 1.15 -1.02 0.499 0.308 -0.677 0.271 -0.651 -0.973 9 5
-0.285 0.319 -0.474 -0.11 1.19 -0.603 -0.456 -0.577 -1.37 1.37 11 5
-0.728 -1.17 1.62 1.59 0.881 -0.542 -1.96 -1.62 -0.575 1.81 1 5
-0.581 -0.184 0.907 1.36 1.93 0.485 -0.848 -0.995 -1.49 1.34 2 5
0.149 1 -1.35 -1.18 0.81 0.263 -0.205 -0.823 -0.161 1.07 5 5
0.203 0.869 -0.409 -1.27 -0.297 0.685 1.48 0.255 -0.83 0.0155 7 5
-0.973 0.29 0.606 0.543 1.5 0.167 -2.01 -0.833 -1.38 -0.849 10 5
0.175 1 -1.63 -0.953 1.16 0.155 -0.504 -0.892 -0.0211 0.799 5 5
0.329 0.864 -0.788 -0.78 0.0672 -0.133 0.696 -1.15 -0.83 1.43 6 5
-0.525 1.48 -0.763 -1.66 0.58 0.649 1.99 0.482 0.572 -0.624 8 5
-0.823 0.59 1.37 -0.763 0.397 0.414 -0.268 0.48 -0.353 -0.774 9 5
-0.424 -1.41 1.44 1.68 1.03 -0.0948 -2.07 -1.88 -1.11 1.79 1 5
-0.438 -0.536 0.626 1.49 1.64 0.834 0.217 -1.1 -1.46 0.9 2 5
0.177 0.998 -1.53 -0.837 0.677 0.21 0.267 -1.28 -0.163 0.908 5 5
0.306 0.766 -0.847 -0.779 0.46 -0.0799 0.555 -1.28 -0.824 1.51 6 5
-0.578 1.48 -0.535 -1.72 0.32 0.982 1.77 0.395 0.64 -0.625 8 5
0.214 0.963 -1.37 -0.817 0.263 0.495 0.499 -1.39 -0.442 1.11 5 5
0.0319 0.949 -0.829 -1.17 -0.169 1.14 1.05 0.236 -0.896 0.294 7 5
-0.861 0.517 1.12 -0.663 0.672 0.433 -0.179 0.482 -0.67 -0.913 9 5
-0.304 -0.0611 0.165 1.36 0.334 -1.06 -1.03 -0.99 -0.738 1.72 3 5
0.47 0.064 -1.06 0.362 0.0476 -0.915 -0.237 -0.578 -0.0106 2.01 4 5
0.232 0.904 -1.22 -0.927 0.263 0.541 0.758 -1.27 -0.716 1.14 5 5
0.322 0.723 -0.885 -0.592 0.61 0.0874 0.36 -1.28 -1.02 1.49 6 5
-0.0406 1.02 -1.29 -0.945 0.0356 1.31 1.26 -0.468 -1.07 0.361 7 5
-0.632 1.47 -0.55 -1.66 -0.143 1.88 1.35 0.728 -0.933 -0.38 8 5
-0.893 0.491 0.809 -0.649 0.817 0.66 -0.4 0.322 -0.824 -0.71 9 5
1.88 -0.81 0.459 -0.883 0.213 -1.5 0.321 -0.669 -0.686 0.585 4 6
0.338 -0.82 0.519 -1.18 0.633 -0.563 0.914 0.733 -1.04 -0.195 11 6
0.048 -2.57 1.13 1.22 1.5 1.68 -0.958 -1.49 -0.381 1.18 1 6
0.602 -1.15 1.07 0.953 1.17 -1.61 -1.4 -1.31 0.0999 0.8 3 6
-0.998 0.742 0.387 -1.02 0.996 0.106 0.834 0.285 -0.733 -1.3 9 6
0.323 -0.819 0.389 -1.08 0.573 -0.605 0.882 0.618 -1.24 -0.142 11 6
-0.214 -2.41 1.38 1.36 1.45 1.45 -1.4 -1.64 0.014 1.14 1 6
0.0872 -1.36 2.05 0.986 1.59 -0.32 -1.81 -1.49 -0.298 0.118 2 6
1.74 -0.914 0.66 -0.746 0.198 -1.66 0.263 -0.495 -0.54 0.615 4 6
0.747 -0.392 -0.41 -0.986 0.343 -0.64 1.68 -0.782 -0.709 0.391 6 6
-0.271 0.706 2.21 -0.641 -1.23 -1.39 0.144 1.92 -0.0877 -0.577 7 6
-0.995 0.582 0.618 -0.879 0.649 -0.136 0.99 0.419 -0.421 -1.37 9 6
0.178 -1.53 2.09 0.892 1.6 -0.224 -1.54 -1.4 -0.465 -0.129 2 6
0.416 -0.458 -0.288 -0.675 0.649 -0.363 1.17 -0.721 -1.21 0.27 6 6
-0.558 -2.11 1.69 1.04 1.37 1.46 -1.62 -1.8 -0.0912 1.28 1 6
-0.0855 -1.33 2.18 0.838 1.55 -0.765 -1.81 -1.25 -0.674 0.14 2 6
0.231 -0.612 0.0811 -0.247 0.606 -0.0931 0.934 -0.617 -1.48 0.0188 6 6
-0.55 1.52 0.771 -1.35 -0.902 -0.997 1.07 0.554 -0.735 -0.408 7 6
0.412 -0.742 0.406 -0.788 0.597 -0.918 0.966 0.301 -1.54 0.0833 11 6
-0.39 -1.07 1.66 1.18 1.44 -1.78 -1.73 -1.03 -0.609 0.818 2 6
-0.103 -0.81 1.45 1.27 0.835 -2.14 -1.38 -0.751 0.3 0.446 3 6
-1.16 1.49 0.983 -0.709 -1.39 -1.57 0.287 1.21 0.638 -0.178 8 6
-0.737 -0.703 0.446 1.54 1.39 1.02 -1.75 -1.47 -1.45 0.244 2 6
-1.2 1.25 0.13 0.504 -1.09 -1.51 1.26 0.25 1.52 -0.0226 8 6
-0.618 0.696 -1.52 0.351 0.0115 1.24 0.408 1.96 0.296 -2.03 9 6
0.588 -0.945 -0.509 1.09 0.937 0.488 -0.701 -0.882 -1.11 0.779 3 6
0.793 -0.461 -0.467 -0.0059 -0.28 -0.881 0.111 -1.77 0.035 0.396 4 6
-1.18 1.05 0.179 0.849 -1.33 -1.64 1.13 0.297 1.7 -0.00441 8 6
-0.802 0.513 -0.621 0.246 -0.247 0.854 -0.227 2.2 0.787 -1.86 9 6
-0.165 -1.74 0.132 0.535 1.92 0.576 2.02 -2.7 -1.69 0.578 1 6
0.378 -0.863 -0.309 1.22 0.994 0.357 -0.809 -0.993 -1.35 0.954 3 6
0.681 -0.407 -0.509 -0.0599 -0.214 -0.759 -0.12 -1.73 -0.0544 0.262 4 6
0.813 -0.161 -0.139 -0.653 -0.608 -0.0302 0.211 -0.113 0.426 -0.721 6 6
-1.13 1.15 0.0727 0.74 -1.62 -1.22 1 0.386 1.76 -0.412 8 6
-1.77 1.28 -0.531 0.0731 0.814 -0.741 0.782 -0.517 0.887 -2.66 10 6
-0.449 -1.72 0.674 0.662 2.07 0.154 1.51 -2.3 -1.98 0.53 1 6
-0.256 -1.1 0.0545 1.66 1.31 1.75 0.161 -0.446 -2.07 -0.115 2 6
0.135 -0.742 -0.167 1.31 0.968 0.193 -1.03 -1.15 -1.38 1.19 3 6
0.522 -0.346 -0.478 -0.2 0.0461 -1.01 0.00295 -1.95 0.021 0.395 4 6
-1.12 1.22 0.0868 0.622 -1.77 -0.823 1.11 0.468 1.74 -0.647 8 6
-0.664 -1.61 0.856 0.79 2.02 0.0344 1.34 -2.47 -1.7 0.201 1 6
-0.219 -1.13 -0.0916 1.57 1.37 1.68 0.245 -0.238 -2.11 -0.254 2 6
0.63 -0.526 -0.027 -0.0678 -0.461 0.0625 -0.337 0.908 -0.198 -0.869 6 6
-1.11 1.11 0.186 0.675 -1.66 -1.03 1.12 0.521 1.94 -0.345 8 6
-1.88 1.69 -0.248 -0.439 0.985 -1.34 0.696 -0.484 0.489 -1.75 10 6
-0.753 -1.5 0.783 0.862 1.93 0.12 1.28 -2.66 -1.52 -0.00772 1 6
-0.23 -1.17 -0.117 1.46 1.45 1.37 0.157 0.0775 -2.09 -0.632 2 6
0.29 -0.94 -0.326 1.05 1.1 0.369 -0.681 -0.73 -2.02 1.14 3 6
0.229 -0.349 -0.292 0.0257 -0.13 -0.954 -0.107 -1.78 0.0228 0.371 4 6
0.343 -0.663 0.0236 0.0784 -0.121 0.233 -0.281 1.12 -0.416 -0.882 6 6
-1 1.24 -0.253 0.213 -1.75 -0.28 1.49 0.676 1.79 -0.559 8 6
1.14 -1.04 -0.103 0.821 0.818 -0.921 -1.34 -1.23 -0.0404 1.04 3 6
1.52 0.283 -0.232 -0.485 0.237 -1.71 0.555 -0.758 -1 0.524 4 6
0.824 0.8 0.378 -1.11 -1.58 -0.573 0.228 1.04 -1.16 -0.395 5 6
1 0.863 0.299 -1.23 -0.511 -0.462 0.269 0.193 -1.44 0.3 6 6
-0.898 0.347 0.569 -1.61 0.907 -0.519 1.86 1.86 -1.67 -0.375 9 6
0.778 -0.505 0.511 -0.904 0.344 -0.613 -0.088 0.601 -1.92 0.00884 11 6
1.47 0.247 -0.0888 -0.34 0.221 -1.86 0.594 -0.854 -0.649 0.11 4 6
0.796 0.803 0.473 -1.19 -1.79 -0.413 0.154 0.981 -1.05 -0.564 5 6
0.62 -0.212 0.174 -0.825 0.458 -0.656 0.0809 0.247 -2.2 0.481 11 6
-1.04 0.245 1 -1.75 0.962 0.00456 0.88 1.33 -1.8 0.0519 9 6
0.743 -0.959 -0.214 1.12 0.517 -1.06 -0.95 -1.51 0.423 0.81 3 6
1.37 0.24 -0.166 -0.167 0.0988 -1.77 0.232 -1.06 -0.603 0.391 4 6
0.694 0.726 0.261 -1.01 -2.05 -0.664 0.447 1.17 -0.996 -0.645 5 6
0.786 0.331 0.324 -0.323 -0.908 -0.59 0.763 -0.636 -1.53 0.833 6 6
-0.997 0.317 0.32 -1.63 1.51 0.0874 0.536 0.615 -2.01 0.433 9 6
-0.958 0.221 0.215 -1.47 1.72 0.0542 -0.0187 0.297 -1.95 0.466 9 6
0.341 0.0938 -0.557 -0.409 0.476 -0.471 -0.0577 -0.845 -1.68 0.924 11 6
-1.71 -1.26 1.96 1.25 2.89 0.647 -0.252 -1.28 -0.00706 0.603 1 6
0.628 0.729 0.177 -1.09 -2.01 -0.91 0.607 0.955 -0.407 -0.789 5 6
0.122 0.547 0.269 -1.1 -1.17 -0.572 0.973 0.89 -1.14 -1.05 7 6
-1.38 1.46 -0.614 -1.91 0.522 -0.366 2.18 0.233 -0.305 -0.91 8 6
0.52 -0.0883 -0.295 -0.604 0.446 -0.378 0.271 -0.5 -1.99 0.583 11 6
-1.12 -0.201 1.75 1.01 1.55 -1.89 -2.43 -1.37 -0.605 1.77 2 6
0.0814 0.0861 -1.25 -0.344 -0.544 -0.163 0.852 -0.898 -0.493 1.52 6 6
-1.35 2.35 -0.399 -2.43 0.156 -0.0551 0.425 1.39 -1.45 -0.345 8 6
-1.45 1.91 0.123 -2.26 0.968 -0.0501 -0.229 -0.0393 -1.66 0.0982 9 6
-1.37 0.217 1.51 1.16 0.901 -2.43 -2.08 -1.39 0.0456 2.08 2 6
-1.46 2.29 -0.788 -2.53 0.666 0.693 0.163 0.943 -1.85 -0.158 8 6
-1.49 2.23 -1.32 -2.16 1.13 0.589 0.304 0.454 -1.38 -0.00275 8 6
-1.46 1.86 -0.589 -1.57 1.36 -0.307 0.494 -0.407 -1.81 -0.2 9 6
-2.08 2.63 -0.506 -2.28 0.716 -1.07 1.18 -0.318 -0.944 1.29 10 6
-1.09 0.159 -0.137 -0.533 1.08 -0.457 -0.605 -1.25 -0.358 1.34 11 6
-1.28 -0.402 1.33 1.72 1.21 -2.07 -1.36 -1.67 -0.645 2.09 2 6
-0.718 0.413 -0.461 -1.13 -0.241 -0.852 2.55 -0.892 0.0491 0.312 5 6
-2.12 2.52 -0.239 -1.83 0.324 -1.04 0.557 -0.723 0.219 0.335 10 6
-2.23 0.144 2.42 1.82 -0.375 -1.82 -1.81 -0.568 1.34 0.438 1 6
-0.481 -0.656 -0.652 -0.153 -0.145 -0.171 0.596 0.0636 -0.724 1.68 4 6
-0.744 0.339 -0.769 -1.12 0.213 -0.365 1.99 -1.27 -0.0614 0.549 5 6
-2.19 0.0734 2.31 1.59 -0.207 -1.76 -2.09 -0.889 1.5 0.41 1 6
-0.481 -0.76 -0.843 0.223 -0.583 0.205 0.966 -0.297 -0.272 1.34 4 6
-0.453 0.225 -1.38 -0.866 0.013 0.306 1.89 -1.44 -0.295 0.797 5 6
-0.991 0.846 -0.489 -0.97 -0.342 -0.659 1.86 0.517 -2.02 0.568 7 6
-1.67 2.01 -0.443 -1.77 1.46 -0.14 -0.64 -0.423 -1.82 0.424 9 6
1.35 0.234 0.296 -0.957 0.0597 -0.901 -0.372 -0.899 0.035 0.602 4 6
-0.272 1.12 -0.267 -1.81 -0.356 1.45 2.01 0.228 0.21 -1.4 8 6
-0.577 -1.77 1.1 1.39 1.79 1.22 -2.03 -1.79 0.247 1.11 1 6
1.45 0.222 0.618 -0.957 0.102 -0.608 -0.575 -1 -0.0684 0.361 4 6
-0.175 1.15 -0.204 -1.86 -0.535 1.32 1.96 0.102 0.288 -1.08 8 6
-0.57 -1.81 1.09 1.41 1.74 1.24 -1.87 -1.83 0.198 1.06 1 6
0.607 -0.401 0.576 0.7 0.4 -1.26 -1.2 -0.639 0.195 1.29 3 6
1.5 0.215 0.842 -0.824 0.242 -0.91 -0.136 -0.768 -0.184 -0.0458 4 6
1.03 1.48 -0.977 -1.55 0.0145 0.24 0.436 -1.08 -0.945 0.429 5 6
0.822 0.423 -0.0214 -0.887 0.192 -0.371 0.438 -0.484 -0.502 -0.306 6 6
0.966 1.58 -1.24 -1.15 -0.0727 0.619 0.46 -1.24 -1.3 1.31 5 6
0.721 0.483 0.179 -0.45 -0.157 -0.409 0.421 -0.418 -0.326 -0.021 6 6
0.405 -2.29 0.274 1.38 1.5 1.39 -1.43 -2.18 0.0421 0.928 1 6
-1.51 1.02 0.809 -0.613 -0.268 -0.479 -0.547 1.68 -0.375 -1.63 10 6
0.444 1.53 -1.27 -1.41 0.498 0.399 1.5 -0.838 -1.1 0.585 7 6
-0.221 1.69 -0.732 -1.47 -0.402 0.248 2.63 -0.189 -0.649 -0.812 8 6
-0.168 0.707 0.0502 -0.152 0.165 -0.633 -0.475 0.337 -0.0965 -0.0326 11 6
-1.73 -0.609 2.46 1.62 0.928 -1.55 -1.49 -0.826 0.0263 1.81 1 6
0.314 -0.027 -0.545 0.223 -1.04 -0.209 0.468 -1.07 0.175 1.1 4 6
-0.625 2.03 -1.88 -0.988 1.03 0.422 -0.0966 -1.04 -0.823 -0.064 8 6
-0.961 0.153 -0.308 0.491 0.914 -0.36 -0.815 -0.925 -0.546 0.797 9 6
-0.931 0.187 1.13 1.02 1.14 -1.08 -1.21 -1.61 -0.0702 1.27 2 6
-0.226 1.33 -1.82 0.393 0.216 1.35 -0.229 -1.46 -1.58 0.042 7 6
-0.915 0.218 1.13 0.751 1.51 -1.25 -1.36 -1.28 -0.354 1.54 2 6
0.173 -0.31 -0.311 0.412 -1.36 -0.217 0.715 -0.824 0.0701 1.36 4 6
-0.332 1.33 -1.72 0.25 0.114 1.17 0.209 -1.8 -1.47 0.0353 7 6
-0.279 0.475 0.194 0.541 0.752 -0.81 -0.203 -1.56 -1.03 1.75 11 6
0.275 -0.645 0.223 1.4 -0.542 -0.837 -0.0447 -2.13 0.303 1.96 3 6
0.276 0.791 -1.14 -0.252 -0.715 1.22 0.284 -1.23 -0.656 0.934 5 6
-0.403 1.28 -1.68 0.052 0.352 0.733 0.523 -1.68 -1.34 -0.173 7 6
-0.352 0.556 0.348 0.567 0.352 -0.78 -0.233 -1.73 -0.852 1.63 11 6
-0.877 0.103 1.26 0.683 1.45 -1.36 -0.96 -1.28 -0.817 1.72 2 6
0.0112 -0.249 -0.374 0.393 -1.18 -0.0203 0.481 -1.37 0.526 0.989 4 6
-1.71 -0.621 2.24 1.84 0.762 -1.53 -1.49 -0.77 0.281 1.58 1 6
-0.821 0.0368 1.09 1.11 1.14 -1.36 -0.514 -1.69 -0.556 1.84 2 6
-0.418 0.17 -0.1 0.434 0.649 -0.413 -0.378 -1.48 -0.952 1.75 6 6
-0.421 1.3 -1.5 0.0626 0.463 0.213 0.626 -1.4 -1.94 1.09 7 6
-0.677 2.05 -1.44 -0.844 -0.00954 -0.0103 0.711 -0.679 -1.12 -0.38 8 6
-0.758 0.193 -0.2 0.625 1.55 0.0178 -0.625 -1.49 -1.32 1.2 9 6
-1.05 0.562 0.432 1.45 2.12 -1.14 -1.57 -1.54 -1.07 -0.0491 10 6
0.0975 1.07 -1.35 -1.14 0.425 0.202 0.319 -0.99 -0.128 1.31 5 6
-0.926 0.221 0.46 0.692 1.5 0.135 -1.89 -0.938 -1.34 -0.791 10 6
-0.19 -0.0832 -0.134 1.04 0.47 -1.12 -0.984 -0.608 -0.505 1.85 3 6
0.347 0.941 -0.905 -0.604 -0.258 -0.0137 0.741 -1.23 -0.677 1.43 6 6
-0.829 0.718 1.29 -0.883 0.43 0.435 -0.398 0.376 -0.358 -0.903 9 6
-0.263 0.301 -0.344 -0.203 1.11 -0.34 -0.408 -0.566 -1.51 1.43 11 6
-0.526 -1.35 1.46 1.71 0.961 -0.308 -1.85 -1.86 -0.888 1.77 1 6
0.179 0.796 -0.274 -1.2 -0.502 0.48 1.47 0.61 -0.54 0.0304 7 6
-0.221 0.319 -0.132 -0.143 0.767 -0.438 0.154 -0.51 -1.84 1.56 11 6
0.125 0.825 -0.433 -1.2 -0.447 0.761 1.24 0.709 -0.656 0.204 7 6
-1.08 0.729 0.552 0.516 1.47 -0.252 -2.55 -1.01 -1.02 -0.486 10 6
-0.14 0.221 -0.0284 -0.101 0.609 -0.512 0.479 -0.352 -1.9 1.35 11 6
-0.394 -0.696 0.705 1.24 1.73 0.806 0.167 -0.631 -1.78 1.04 2 6
-0.134 -0.28 -0.11 1.54 0.0657 -0.395 -1.03 -1.39 -0.384 1.66 3 6
0.345 0.731 -0.864 -0.66 0.567 0.0393 0.468 -1.38 -0.898 1.36 6 6
-0.621 1.49 -0.514 -1.72 -0.00954 1.87 1.48 0.398 -0.382 -0.685 8 6
-1.16 0.791 0.736 0.373 1.23 -0.222 -2.63 -1 -0.868 -0.531 10 6
-0.341 -1.54 1.46 1.79 1.01 -0.146 -2.12 -1.76 -1.23 1.94 1 6
-1.22 0.888 0.805 0.367 0.946 -0.191 -2.77 -0.831 -0.982 -0.528 10 6
-0.1 0.376 -0.241 -0.304 1.12 -0.121 -0.482 -0.386 -1.3 1.27 11 6
